1 0
2 1
3 1
4 1
5 2
6 1
7 2
8 1
9 3
10 1
11 2
12 2
13 2
14 2
15 3
16 1
17 2
18 3
19 2
20 2
21 3
22 2
23 2
24 2
25 3
26 2
27 4
28 1
29 2
30 4
31 2
32 1
33 4
34 2
35 4
36 2
37 2
38 2
39 4
40 2
41 2
42 4
43 2
44 2
45 5
46 2
47 2
48 2
49 3
50 3
51 4
52 2
53 2
54 4
55 3
56 2
57 4
58 2
59 2
60 4
61 2
62 2
63 6
64 1
65 4
66 3
67 2
68 2
69 4
70 4
71 2
72 3
73 2
74 2
75 6
76 2
77 4
78 3
79 2
80 2
81 5
82 2
83 2
84 4
85 4
86 2
87 4
88 2
89 2
90 6
91 3
92 2
93 4
94 2
95 4
96 2
97 2
98 3
99 6
100 3
101 2
102 4
103 2
104 2
105 7
106 2
107 2
108 4
109 2
110 4
111 4
112 2
113 2
114 4
115 4
116 2
117 6
118 2
119 4
120 3
121 3
122 2
123 4
124 2
125 4
126 6
127 2
128 1
129 4
130 4
131 2
132 4
133 4
134 2
135 8
136 1
137 2
138 4
139 2
140 4
141 4
142 2
143 4
144 3
145 4
146 2
147 6
148 2
149 2
150 6
151 2
152 2
153 5
154 4
155 4
156 4
157 2
158 2
159 4
160 2
161 4
162 5
163 2
164 2
165 8
166 2
167 2
168 4
169 3
170 4
171 5
172 2
173 2
174 4
175 6
176 2
177 4
178 2
179 2
180 6
181 2
182 4
183 4
184 2
185 4
186 4
187 4
188 2
189 8
190 3
191 2
192 2
193 2
194 2
195 8
196 3
197 2
198 6
199 2
200 3
201 4
202 2
203 4
204 4
205 4
206 2
207 6
208 2
209 4
210 7
211 2
212 2
213 4
214 2
215 4
216 4
217 4
218 2
219 4
220 4
221 4
222 4
223 2
224 2
225 9
226 2
227 2
228 4
229 2
230 4
231 7
232 2
233 2
234 6
235 4
236 2
237 4
238 4
239 2
240 4
241 2
242 3
243 6
244 2
245 6
246 4
247 4
248 2
249 4
250 4
251 2
252 6
253 3
254 2
255 8
256 1
257 2
258 4
259 4
260 4
261 6
262 2
263 2
264 4
265 4
266 4
267 4
268 2
269 2
270 8
271 2
272 2
273 8
274 2
275 6
276 3
277 2
278 2
279 6
280 4
281 2
282 4
283 2
284 2
285 8
286 4
287 4
288 3
289 3
290 4
291 4
292 2
293 2
294 6
295 4
296 2
297 8
298 2
299 4
300 5
301 4
302 2
303 4
304 2
305 4
306 6
307 2
308 4
309 4
310 4
311 2
312 4
313 2
314 2
315 12
316 2
317 2
318 4
319 4
320 2
321 4
322 4
323 4
324 5
325 5
326 2
327 4
328 2
329 4
330 8
331 2
332 2
333 6
334 2
335 4
336 4
337 2
338 3
339 4
340 4
341 4
342 6
343 4
344 2
345 8
346 2
347 2
348 4
349 2
350 6
351 7
352 2
353 2
354 4
355 4
356 2
357 8
358 2
359 2
360 6
361 3
362 2
363 6
364 4
365 4
366 4
367 2
368 2
369 6
370 4
371 4
372 4
373 2
374 4
375 8
376 2
377 4
378 7
379 2
380 4
381 4
382 2
383 2
384 2
385 8
386 2
387 6
388 2
389 2
390 8
391 4
392 3
393 4
394 2
395 4
396 6
397 2
398 2
399 8
400 3
401 2
402 4
403 4
404 2
405 10
406 3
407 4
408 4
409 2
410 4
411 4
412 2
413 4
414 6
415 4
416 2
417 4
418 4
419 2
420 8
421 2
422 2
423 6
424 2
425 6
426 4
427 4
428 2
429 8
430 4
431 2
432 4
433 2
434 4
435 7
436 2
437 4
438 4
439 2
440 4
441 9
442 4
443 2
444 4
445 4
446 2
447 4
448 2
449 2
450 9
451 4
452 2
453 4
454 2
455 8
456 4
457 2
458 2
459 8
460 4
461 2
462 8
463 2
464 2
465 7
466 2
467 2
468 6
469 4
470 4
471 4
472 2
473 4
474 4
475 6
476 4
477 6
478 2
479 2
480 4
481 4
482 2
483 8
484 3
485 4
486 6
487 2
488 2
489 4
490 6
491 2
492 4
493 4
494 4
495 12
496 1
497 4
498 4
499 2
500 4
501 4
502 2
503 2
504 6
505 4
506 4
507 6
508 2
509 2
510 8
511 4
512 1
513 8
514 2
515 4
516 4
517 4
518 4
519 4
520 4
521 2
522 6
523 2
524 2
525 12
526 2
527 4
528 3
529 3
530 4
531 6
532 4
533 4
534 4
535 4
536 2
537 4
538 2
539 6
540 8
541 2
542 2
543 4
544 2
545 4
546 8
547 2
548 2
549 6
550 6
551 4
552 4
553 4
554 2
555 8
556 2
557 2
558 6
559 4
560 4
561 7
562 2
563 2
564 4
565 4
566 2
567 10
568 2
569 2
570 8
571 2
572 4
573 4
574 4
575 6
576 3
577 2
578 3
579 4
580 4
581 4
582 4
583 4
584 2
585 12
586 2
587 2
588 6
589 4
590 4
591 4
592 2
593 2
594 8
595 7
596 2
597 4
598 4
599 2
600 6
601 2
602 4
603 6
604 2
605 6
606 4
607 2
608 2
609 8
610 4
611 4
612 6
613 2
614 2
615 8
616 4
617 2
618 4
619 2
620 4
621 8
622 2
623 4
624 4
625 5
626 2
627 8
628 2
629 4
630 11
631 2
632 2
633 4
634 2
635 4
636 4
637 6
638 4
639 6
640 2
641 2
642 4
643 2
644 4
645 8
646 4
647 2
648 5
649 4
650 6
651 8
652 2
653 2
654 4
655 4
656 2
657 6
658 4
659 2
660 8
661 2
662 2
663 8
664 2
665 8
666 5
667 4
668 2
669 4
670 4
671 4
672 4
673 2
674 2
675 12
676 3
677 2
678 4
679 4
680 4
681 4
682 4
683 2
684 6
685 4
686 4
687 4
688 2
689 4
690 8
691 2
692 2
693 12
694 2
695 4
696 4
697 4
698 2
699 4
700 6
701 2
702 8
703 3
704 2
705 8
706 2
707 4
708 4
709 2
710 4
711 6
712 2
713 4
714 8
715 8
716 2
717 4
718 2
719 2
720 6
721 4
722 3
723 4
724 2
725 6
726 6
727 2
728 4
729 7
730 4
731 4
732 4
733 2
734 2
735 12
736 2
737 4
738 6
739 2
740 4
741 7
742 4
743 2
744 4
745 4
746 2
747 6
748 4
749 4
750 8
751 2
752 2
753 4
754 4
755 4
756 8
757 2
758 2
759 8
760 4
761 2
762 4
763 4
764 2
765 12
766 2
767 4
768 2
769 2
770 8
771 4
772 2
773 2
774 6
775 6
776 2
777 8
778 2
779 4
780 7
781 4
782 4
783 8
784 3
785 4
786 4
787 2
788 2
789 4
790 4
791 4
792 6
793 4
794 2
795 8
796 2
797 2
798 8
799 4
800 3
801 6
802 2
803 4
804 4
805 8
806 4
807 4
808 2
809 2
810 10
811 2
812 4
813 4
814 4
815 4
816 4
817 4
818 2
819 12
820 3
821 2
822 4
823 2
824 2
825 12
826 4
827 2
828 6
829 2
830 4
831 4
832 2
833 6
834 4
835 4
836 4
837 8
838 2
839 2
840 8
841 3
842 2
843 4
844 2
845 6
846 6
847 6
848 2
849 4
850 6
851 4
852 4
853 2
854 4
855 12
856 2
857 2
858 8
859 2
860 4
861 7
862 2
863 2
864 4
865 4
866 2
867 6
868 4
869 4
870 8
871 4
872 2
873 6
874 4
875 8
876 4
877 2
878 2
879 4
880 4
881 2
882 9
883 2
884 4
885 8
886 2
887 2
888 4
889 4
890 4
891 10
892 2
893 4
894 4
895 4
896 2
897 8
898 2
899 4
900 9
901 4
902 4
903 7
904 2
905 4
906 4
907 2
908 2
909 6
910 8
911 2
912 4
913 4
914 2
915 8
916 2
917 4
918 8
919 2
920 4
921 4
922 2
923 4
924 8
925 6
926 2
927 6
928 2
929 2
930 8
931 6
932 2
933 4
934 2
935 8
936 6
937 2
938 4
939 4
940 4
941 2
942 4
943 4
944 2
945 16
946 3
947 2
948 4
949 4
950 6
951 4
952 4
953 2
954 6
955 4
956 2
957 8
958 2
959 4
960 4
961 3
962 4
963 6
964 2
965 4
966 8
967 2
968 3
969 8
970 4
971 2
972 6
973 4
974 2
975 12
976 2
977 2
978 4
979 4
980 6
981 6
982 2
983 2
984 4
985 4
986 4
987 8
988 4
989 4
990 11
991 2
992 2
993 4
994 4
995 4
996 4
997 2
998 2
999 8
1000 4
1001 8
1002 4
1003 4
1004 2
1005 8
1006 2
1007 4
1008 6
1009 2
1010 4
1011 4
1012 4
1013 2
1014 6
1015 8
1016 2
1017 6
1018 2
1019 2
1020 8
1021 2
1022 4
1023 8
1024 1
1025 6
1026 8
1027 4
1028 2
1029 8
1030 4
1031 2
1032 4
1033 2
1034 4
1035 11
1036 4
1037 4
1038 4
1039 2
1040 4
1041 4
1042 2
1043 4
1044 6
1045 8
1046 2
1047 4
1048 2
1049 2
1050 12
1051 2
1052 2
1053 10
1054 4
1055 4
1056 4
1057 4
1058 3
1059 4
1060 4
1061 2
1062 6
1063 2
1064 4
1065 8
1066 4
1067 4
1068 4
1069 2
1070 4
1071 12
1072 2
1073 4
1074 4
1075 6
1076 2
1077 4
1078 6
1079 4
1080 8
1081 3
1082 2
1083 6
1084 2
1085 8
1086 4
1087 2
1088 2
1089 9
1090 4
1091 2
1092 8
1093 2
1094 2
1095 8
1096 2
1097 2
1098 6
1099 4
1100 6
1101 4
1102 4
1103 2
1104 4
1105 8
1106 4
1107 8
1108 2
1109 2
1110 8
1111 4
1112 2
1113 8
1114 2
1115 4
1116 6
1117 2
1118 4
1119 4
1120 4
1121 4
1122 8
1123 2
1124 2
1125 12
1126 2
1127 6
1128 3
1129 2
1130 4
1131 8
1132 2
1133 4
1134 10
1135 4
1136 2
1137 4
1138 2
1139 4
1140 8
1141 4
1142 2
1143 6
1144 4
1145 4
1146 4
1147 4
1148 4
1149 4
1150 6
1151 2
1152 3
1153 2
1154 2
1155 16
1156 3
1157 4
1158 4
1159 4
1160 4
1161 8
1162 4
1163 2
1164 4
1165 4
1166 4
1167 4
1168 2
1169 4
1170 12
1171 2
1172 2
1173 8
1174 2
1175 6
1176 5
1177 4
1178 4
1179 6
1180 4
1181 2
1182 4
1183 6
1184 2
1185 8
1186 2
1187 2
1188 8
1189 4
1190 8
1191 4
1192 2
1193 2
1194 4
1195 4
1196 4
1197 12
1198 2
1199 4
1200 6
1201 2
1202 2
1203 4
1204 4
1205 4
1206 6
1207 4
1208 2
1209 8
1210 6
1211 4
1212 4
1213 2
1214 2
1215 12
1216 2
1217 2
1218 8
1219 4
1220 4
1221 8
1222 4
1223 2
1224 6
1225 8
1226 2
1227 4
1228 2
1229 2
1230 8
1231 2
1232 4
1233 6
1234 2
1235 8
1236 4
1237 2
1238 2
1239 8
1240 4
1241 4
1242 8
1243 4
1244 2
1245 8
1246 4
1247 4
1248 4
1249 2
1250 5
1251 6
1252 2
1253 4
1254 8
1255 4
1256 2
1257 4
1258 4
1259 2
1260 12
1261 4
1262 2
1263 4
1264 2
1265 8
1266 4
1267 4
1268 2
1269 8
1270 4
1271 4
1272 4
1273 4
1274 6
1275 11
1276 4
1277 2
1278 6
1279 2
1280 2
1281 8
1282 2
1283 2
1284 4
1285 4
1286 2
1287 12
1288 4
1289 2
1290 8
1291 2
1292 4
1293 4
1294 2
1295 8
1296 5
1297 2
1298 4
1299 4
1300 6
1301 2
1302 8
1303 2
1304 2
1305 12
1306 2
1307 2
1308 4
1309 8
1310 4
1311 8
1312 2
1313 4
1314 6
1315 4
1316 4
1317 4
1318 2
1319 2
1320 8
1321 2
1322 2
1323 12
1324 2
1325 6
1326 7
1327 2
1328 2
1329 4
1330 8
1331 4
1332 6
1333 4
1334 4
1335 8
1336 2
1337 4
1338 4
1339 4
1340 4
1341 6
1342 4
1343 4
1344 4
1345 4
1346 2
1347 4
1348 2
1349 4
1350 12
1351 4
1352 3
1353 8
1354 2
1355 4
1356 4
1357 4
1358 4
1359 6
1360 4
1361 2
1362 4
1363 4
1364 4
1365 16
1366 2
1367 2
1368 6
1369 3
1370 4
1371 4
1372 4
1373 2
1374 4
1375 8
1376 2
1377 10
1378 3
1379 4
1380 8
1381 2
1382 2
1383 4
1384 2
1385 4
1386 12
1387 4
1388 2
1389 4
1390 4
1391 4
1392 4
1393 4
1394 4
1395 12
1396 2
1397 4
1398 4
1399 2
1400 6
1401 4
1402 2
1403 4
1404 8
1405 4
1406 4
1407 8
1408 2
1409 2
1410 8
1411 4
1412 2
1413 6
1414 4
1415 4
1416 4
1417 4
1418 2
1419 8
1420 4
1421 6
1422 6
1423 2
1424 2
1425 12
1426 4
1427 2
1428 8
1429 2
1430 8
1431 7
1432 2
1433 2
1434 4
1435 8
1436 2
1437 4
1438 2
1439 2
1440 6
1441 4
1442 4
1443 8
1444 3
1445 6
1446 4
1447 2
1448 2
1449 12
1450 6
1451 2
1452 6
1453 2
1454 2
1455 8
1456 4
1457 4
1458 7
1459 2
1460 4
1461 4
1462 4
1463 8
1464 4
1465 4
1466 2
1467 6
1468 2
1469 4
1470 12
1471 2
1472 2
1473 4
1474 4
1475 6
1476 6
1477 4
1478 2
1479 8
1480 4
1481 2
1482 8
1483 2
1484 4
1485 15
1486 2
1487 2
1488 4
1489 2
1490 4
1491 8
1492 2
1493 2
1494 6
1495 8
1496 4
1497 4
1498 4
1499 2
1500 8
1501 4
1502 2
1503 6
1504 2
1505 8
1506 4
1507 4
1508 4
1509 4
1510 4
1511 2
1512 8
1513 4
1514 2
1515 8
1516 2
1517 4
1518 8
1519 6
1520 4
1521 9
1522 2
1523 2
1524 4
1525 6
1526 4
1527 4
1528 2
1529 4
1530 12
1531 2
1532 2
1533 8
1534 4
1535 4
1536 2
1537 4
1538 2
1539 10
1540 7
1541 4
1542 4
1543 2
1544 2
1545 8
1546 2
1547 8
1548 6
1549 2
1550 6
1551 8
1552 2
1553 2
1554 8
1555 4
1556 2
1557 6
1558 4
1559 2
1560 8
1561 4
1562 4
1563 4
1564 4
1565 4
1566 8
1567 2
1568 3
1569 4
1570 4
1571 2
1572 4
1573 6
1574 2
1575 18
1576 2
1577 4
1578 4
1579 2
1580 4
1581 8
1582 4
1583 2
1584 6
1585 4
1586 4
1587 6
1588 2
1589 4
1590 8
1591 4
1592 2
1593 8
1594 2
1595 8
1596 7
1597 2
1598 4
1599 8
1600 3
1601 2
1602 6
1603 4
1604 2
1605 8
1606 4
1607 2
1608 4
1609 2
1610 8
1611 6
1612 4
1613 2
1614 4
1615 8
1616 2
1617 12
1618 2
1619 2
1620 10
1621 2
1622 2
1623 4
1624 4
1625 8
1626 4
1627 2
1628 4
1629 6
1630 4
1631 4
1632 4
1633 4
1634 4
1635 8
1636 2
1637 2
1638 12
1639 4
1640 4
1641 4
1642 2
1643 4
1644 4
1645 8
1646 2
1647 8
1648 2
1649 4
1650 12
1651 4
1652 4
1653 7
1654 2
1655 4
1656 6
1657 2
1658 2
1659 8
1660 4
1661 4
1662 4
1663 2
1664 2
1665 12
1666 6
1667 2
1668 4
1669 2
1670 4
1671 4
1672 4
1673 4
1674 8
1675 6
1676 2
1677 8
1678 2
1679 4
1680 8
1681 3
1682 3
1683 12
1684 2
1685 4
1686 4
1687 4
1688 2
1689 4
1690 6
1691 4
1692 6
1693 2
1694 6
1695 8
1696 2
1697 2
1698 4
1699 2
1700 6
1701 12
1702 4
1703 4
1704 4
1705 8
1706 2
1707 4
1708 4
1709 2
1710 12
1711 3
1712 2
1713 4
1714 2
1715 8
1716 8
1717 4
1718 2
1719 6
1720 4
1721 2
1722 8
1723 2
1724 2
1725 12
1726 2
1727 4
1728 4
1729 8
1730 4
1731 4
1732 2
1733 2
1734 6
1735 4
1736 4
1737 6
1738 4
1739 4
1740 8
1741 2
1742 4
1743 8
1744 2
1745 4
1746 6
1747 2
1748 4
1749 8
1750 8
1751 4
1752 4
1753 2
1754 2
1755 16
1756 2
1757 4
1758 4
1759 2
1760 4
1761 4
1762 2
1763 4
1764 9
1765 4
1766 2
1767 8
1768 4
1769 4
1770 7
1771 8
1772 2
1773 6
1774 2
1775 6
1776 4
1777 2
1778 4
1779 4
1780 4
1781 4
1782 10
1783 2
1784 2
1785 16
1786 4
1787 2
1788 4
1789 2
1790 4
1791 6
1792 2
1793 4
1794 8
1795 4
1796 2
1797 4
1798 4
1799 4
1800 9
1801 2
1802 4
1803 4
1804 4
1805 6
1806 8
1807 4
1808 2
1809 8
1810 4
1811 2
1812 4
1813 6
1814 2
1815 12
1816 2
1817 4
1818 6
1819 4
1820 8
1821 4
1822 2
1823 2
1824 4
1825 6
1826 4
1827 12
1828 2
1829 4
1830 7
1831 2
1832 2
1833 8
1834 4
1835 4
1836 8
1837 4
1838 2
1839 4
1840 4
1841 4
1842 4
1843 4
1844 2
1845 12
1846 4
1847 2
1848 8
1849 3
1850 6
1851 4
1852 2
1853 4
1854 6
1855 8
1856 2
1857 4
1858 2
1859 6
1860 8
1861 2
1862 6
1863 10
1864 2
1865 4
1866 4
1867 2
1868 2
1869 8
1870 8
1871 2
1872 6
1873 2
1874 2
1875 10
1876 4
1877 2
1878 4
1879 2
1880 4
1881 12
1882 2
1883 4
1884 4
1885 8
1886 4
1887 8
1888 2
1889 2
1890 16
1891 3
1892 4
1893 4
1894 2
1895 4
1896 4
1897 4
1898 4
1899 6
1900 6
1901 2
1902 4
1903 4
1904 4
1905 8
1906 2
1907 2
1908 6
1909 4
1910 4
1911 12
1912 2
1913 2
1914 8
1915 4
1916 2
1917 8
1918 4
1919 4
1920 4
1921 4
1922 3
1923 4
1924 4
1925 12
1926 6
1927 4
1928 2
1929 4
1930 4
1931 2
1932 8
1933 2
1934 2
1935 12
1936 3
1937 4
1938 8
1939 4
1940 4
1941 4
1942 2
1943 4
1944 6
1945 4
1946 4
1947 8
1948 2
1949 2
1950 12
1951 2
1952 2
1953 11
1954 2
1955 8
1956 4
1957 4
1958 4
1959 4
1960 6
1961 4
1962 6
1963 4
1964 2
1965 8
1966 2
1967 4
1968 4
1969 4
1970 4
1971 8
1972 4
1973 2
1974 8
1975 6
1976 4
1977 4
1978 4
1979 2
1980 12
1981 4
1982 2
1983 4
1984 2
1985 4
1986 4
1987 2
1988 4
1989 12
1990 4
1991 4
1992 4
1993 2
1994 2
1995 16
1996 2
1997 2
1998 8
1999 2
2000 4
2001 8
2002 8
2003 2
2004 4
2005 4
2006 4
2007 6
2008 2
2009 6
2010 8
2011 2
2012 2
2013 8
2014 4
2015 8
2016 5
2017 2
2018 2
2019 4
2020 4
2021 4
2022 4
2023 6
2024 4
2025 15
2026 2
2027 2
2028 6
2029 2
2030 8
2031 4
2032 2
2033 4
2034 6
2035 8
2036 2
2037 8
2038 2
2039 2
2040 8
2041 4
2042 2
2043 6
2044 4
2045 4
2046 8
2047 4
2048 1
2049 4
2050 6
2051 4
2052 8
2053 2
2054 4
2055 8
2056 2
2057 6
2058 8
2059 4
2060 4
2061 6
2062 2
2063 2
2064 4
2065 8
2066 2
2067 8
2068 4
2069 2
2070 12
2071 4
2072 4
2073 4
2074 4
2075 6
2076 4
2077 4
2078 2
2079 16
2080 3
2081 2
2082 4
2083 2
2084 2
2085 8
2086 4
2087 2
2088 6
2089 2
2090 8
2091 8
2092 2
2093 8
2094 4
2095 4
2096 2
2097 6
2098 2
2099 2
2100 12
2101 4
2102 2
2103 4
2104 2
2105 4
2106 10
2107 6
2108 4
2109 8
2110 4
2111 2
2112 4
2113 2
2114 4
2115 12
2116 3
2117 4
2118 4
2119 4
2120 4
2121 8
2122 2
2123 4
2124 6
2125 8
2126 2
2127 4
2128 4
2129 2
2130 8
2131 2
2132 4
2133 8
2134 4
2135 8
2136 4
2137 2
2138 2
2139 8
2140 4
2141 2
2142 12
2143 2
2144 2
2145 15
2146 4
2147 4
2148 4
2149 4
2150 6
2151 6
2152 2
2153 2
2154 4
2155 4
2156 6
2157 4
2158 4
2159 4
2160 8
2161 2
2162 4
2163 8
2164 2
2165 4
2166 6
2167 4
2168 2
2169 6
2170 8
2171 4
2172 4
2173 4
2174 2
2175 12
2176 2
2177 4
2178 9
2179 2
2180 4
2181 4
2182 2
2183 4
2184 8
2185 8
2186 2
2187 8
2188 2
2189 4
2190 8
2191 4
2192 2
2193 8
2194 2
2195 4
2196 6
2197 4
2198 4
2199 4
2200 6
2201 4
2202 4
2203 2
2204 4
2205 18
2206 2
2207 2
2208 4
2209 3
2210 8
2211 7
2212 4
2213 2
2214 8
2215 4
2216 2
2217 4
2218 2
2219 4
2220 8
2221 2
2222 4
2223 12
2224 2
2225 6
2226 8
2227 4
2228 2
2229 4
2230 4
2231 4
2232 6
2233 8
2234 2
2235 8
2236 4
2237 2
2238 4
2239 2
2240 4
2241 8
2242 4
2243 2
2244 8
2245 4
2246 2
2247 8
2248 2
2249 4
2250 12
2251 2
2252 2
2253 4
2254 6
2255 8
2256 4
2257 4
2258 2
2259 6
2260 4
2261 8
2262 8
2263 4
2264 2
2265 8
2266 4
2267 2
2268 10
2269 2
2270 4
2271 4
2272 2
2273 2
2274 4
2275 12
2276 2
2277 12
2278 3
2279 4
2280 8
2281 2
2282 4
2283 4
2284 2
2285 4
2286 6
2287 2
2288 4
2289 8
2290 4
2291 4
2292 4
2293 2
2294 4
2295 16
2296 4
2297 2
2298 4
2299 6
2300 6
2301 8
2302 2
2303 6
2304 3
2305 4
2306 2
2307 4
2308 2
2309 2
2310 16
2311 2
2312 3
2313 6
2314 4
2315 4
2316 4
2317 4
2318 4
2319 4
2320 4
2321 4
2322 8
2323 4
2324 4
2325 12
2326 2
2327 4
2328 4
2329 4
2330 4
2331 12
2332 4
2333 2
2334 4
2335 4
2336 2
2337 8
2338 4
2339 2
2340 12
2341 2
2342 2
2343 8
2344 2
2345 8
2346 7
2347 2
2348 2
2349 10
2350 6
2351 2
2352 6
2353 4
2354 4
2355 8
2356 4
2357 2
2358 6
2359 4
2360 4
2361 4
2362 2
2363 4
2364 4
2365 8
2366 6
2367 6
2368 2
2369 4
2370 8
2371 2
2372 2
2373 8
2374 2
2375 8
2376 8
2377 2
2378 4
2379 8
2380 8
2381 2
2382 4
2383 2
2384 2
2385 12
2386 2
2387 8
2388 4
2389 2
2390 4
2391 4
2392 4
2393 2
2394 12
2395 4
2396 2
2397 8
2398 4
2399 2
2400 6
2401 5
2402 2
2403 8
2404 2
2405 8
2406 4
2407 4
2408 4
2409 8
2410 4
2411 2
2412 6
2413 4
2414 4
2415 15
2416 2
2417 2
2418 8
2419 4
2420 6
2421 6
2422 4
2423 2
2424 4
2425 6
2426 2
2427 4
2428 2
2429 4
2430 12
2431 8
2432 2
2433 4
2434 2
2435 4
2436 8
2437 2
2438 4
2439 6
2440 4
2441 2
2442 8
2443 4
2444 4
2445 8
2446 2
2447 2
2448 6
2449 4
2450 9
2451 8
2452 2
2453 4
2454 4
2455 4
2456 2
2457 16
2458 2
2459 2
2460 8
2461 4
2462 2
2463 4
2464 4
2465 8
2466 6
2467 2
2468 2
2469 4
2470 8
2471 4
2472 4
2473 2
2474 2
2475 18
2476 2
2477 2
2478 8
2479 4
2480 4
2481 4
2482 4
2483 4
2484 8
2485 7
2486 4
2487 4
2488 2
2489 4
2490 8
2491 4
2492 4
2493 6
2494 4
2495 4
2496 4
2497 4
2498 2
2499 12
2500 5
2501 4
2502 6
2503 2
2504 2
2505 8
2506 4
2507 4
2508 8
2509 4
2510 4
2511 10
2512 2
2513 4
2514 4
2515 4
2516 4
2517 4
2518 2
2519 4
2520 12
2521 2
2522 4
2523 6
2524 2
2525 6
2526 4
2527 6
2528 2
2529 6
2530 8
2531 2
2532 4
2533 4
2534 4
2535 12
2536 2
2537 4
2538 8
2539 2
2540 4
2541 12
2542 4
2543 2
2544 4
2545 4
2546 4
2547 6
2548 6
2549 2
2550 12
2551 2
2552 4
2553 8
2554 2
2555 8
2556 5
2557 2
2558 2
2559 4
2560 2
2561 4
2562 8
2563 4
2564 2
2565 16
2566 2
2567 4
2568 4
2569 4
2570 4
2571 4
2572 2
2573 4
2574 12
2575 6
2576 4
2577 4
2578 2
2579 2
2580 8
2581 4
2582 2
2583 12
2584 4
2585 8
2586 4
2587 4
2588 2
2589 4
2590 8
2591 2
2592 5
2593 2
2594 2
2595 8
2596 4
2597 6
2598 4
2599 4
2600 6
2601 9
2602 2
2603 4
2604 8
2605 4
2606 2
2607 8
2608 2
2609 2
2610 12
2611 4
2612 2
2613 8
2614 2
2615 4
2616 4
2617 2
2618 8
2619 8
2620 4
2621 2
2622 8
2623 4
2624 2
2625 16
2626 4
2627 4
2628 5
2629 4
2630 4
2631 4
2632 4
2633 2
2634 4
2635 8
2636 2
2637 6
2638 2
2639 8
2640 8
2641 4
2642 2
2643 4
2644 2
2645 6
2646 12
2647 2
2648 2
2649 4
2650 6
2651 4
2652 8
2653 4
2654 2
2655 12
2656 2
2657 2
2658 4
2659 2
2660 8
2661 4
2662 4
2663 2
2664 6
2665 8
2666 4
2667 8
2668 4
2669 4
2670 8
2671 2
2672 2
2673 12
2674 4
2675 6
2676 4
2677 2
2678 4
2679 8
2680 4
2681 4
2682 6
2683 2
2684 4
2685 8
2686 4
2687 2
2688 4
2689 2
2690 4
2691 12
2692 2
2693 2
2694 4
2695 12
2696 2
2697 8
2698 4
2699 2
2700 12
2701 3
2702 4
2703 8
2704 3
2705 4
2706 8
2707 2
2708 2
2709 12
2710 4
2711 2
2712 4
2713 2
2714 4
2715 8
2716 4
2717 8
2718 6
2719 2
2720 4
2721 4
2722 2
2723 4
2724 4
2725 6
2726 4
2727 8
2728 4
2729 2
2730 16
2731 2
2732 2
2733 4
2734 2
2735 4
2736 6
2737 8
2738 3
2739 8
2740 4
2741 2
2742 4
2743 4
2744 4
2745 12
2746 2
2747 4
2748 4
2749 2
2750 8
2751 8
2752 2
2753 2
2754 10
2755 8
2756 4
2757 4
2758 4
2759 4
2760 8
2761 4
2762 2
2763 6
2764 2
2765 8
2766 4
2767 2
2768 2
2769 8
2770 4
2771 4
2772 12
2773 4
2774 4
2775 11
2776 2
2777 2
2778 4
2779 4
2780 4
2781 8
2782 4
2783 6
2784 4
2785 4
2786 4
2787 4
2788 4
2789 2
2790 12
2791 2
2792 2
2793 12
2794 4
2795 8
2796 4
2797 2
2798 2
2799 6
2800 6
2801 2
2802 4
2803 2
2804 2
2805 16
2806 4
2807 4
2808 8
2809 3
2810 4
2811 4
2812 4
2813 4
2814 8
2815 4
2816 2
2817 6
2818 2
2819 2
2820 8
2821 8
2822 4
2823 4
2824 2
2825 6
2826 6
2827 4
2828 4
2829 8
2830 4
2831 4
2832 4
2833 2
2834 4
2835 20
2836 2
2837 2
2838 8
2839 4
2840 4
2841 4
2842 6
2843 2
2844 6
2845 4
2846 2
2847 8
2848 2
2849 8
2850 11
2851 2
2852 4
2853 6
2854 2
2855 4
2856 8
2857 2
2858 2
2859 4
2860 8
2861 2
2862 8
2863 4
2864 2
2865 8
2866 2
2867 4
2868 4
2869 4
2870 8
2871 12
2872 2
2873 6
2874 4
2875 8
2876 2
2877 8
2878 2
2879 2
2880 6
2881 4
2882 4
2883 6
2884 4
2885 4
2886 8
2887 2
2888 3
2889 8
2890 6
2891 6
2892 4
2893 4
2894 2
2895 8
2896 2
2897 2
2898 12
2899 4
2900 6
2901 4
2902 2
2903 2
2904 6
2905 8
2906 2
2907 12
2908 2
2909 2
2910 8
2911 4
2912 4
2913 4
2914 4
2915 8
2916 7
2917 2
2918 2
2919 8
2920 4
2921 4
2922 4
2923 4
2924 4
2925 18
2926 7
2927 2
2928 4
2929 4
2930 4
2931 4
2932 2
2933 4
2934 6
2935 4
2936 2
2937 8
2938 4
2939 2
2940 12
2941 4
2942 2
2943 8
2944 2
2945 8
2946 4
2947 4
2948 4
2949 4
2950 6
2951 4
2952 6
2953 2
2954 4
2955 8
2956 2
2957 2
2958 8
2959 4
2960 4
2961 12
2962 2
2963 2
2964 8
2965 4
2966 2
2967 8
2968 4
2969 2
2970 16
2971 2
2972 2
2973 4
2974 2
2975 12
2976 4
2977 4
2978 2
2979 6
2980 4
2981 4
2982 8
2983 4
2984 2
2985 8
2986 2
2987 4
2988 6
2989 6
2990 8
2991 4
2992 4
2993 4
2994 4
2995 4
2996 4
2997 10
2998 2
2999 2
3000 8
3001 2
3002 4
3003 15
3004 2
3005 4
3006 6
3007 4
3008 2
3009 8
3010 8
3011 2
3012 4
3013 4
3014 4
3015 12
3016 4
3017 4
3018 4
3019 2
3020 4
3021 8
3022 2
3023 2
3024 8
3025 9
3026 4
3027 4
3028 2
3029 4
3030 8
3031 4
3032 2
3033 6
3034 4
3035 4
3036 8
3037 2
3038 6
3039 4
3040 4
3041 2
3042 9
3043 4
3044 2
3045 16
3046 2
3047 4
3048 4
3049 2
3050 6
3051 8
3052 4
3053 4
3054 4
3055 8
3056 2
3057 4
3058 4
3059 8
3060 12
3061 2
3062 2
3063 4
3064 2
3065 4
3066 8
3067 2
3068 4
3069 12
3070 4
3071 4
3072 2
3073 4
3074 4
3075 12
3076 2
3077 4
3078 10
3079 2
3080 8
3081 7
3082 4
3083 2
3084 4
3085 4
3086 2
3087 12
3088 2
3089 2
3090 8
3091 4
3092 2
3093 4
3094 8
3095 4
3096 6
3097 4
3098 2
3099 4
3100 6
3101 4
3102 8
3103 4
3104 2
3105 16
3106 2
3107 4
3108 8
3109 2
3110 4
3111 8
3112 2
3113 4
3114 6
3115 8
3116 4
3117 4
3118 2
3119 2
3120 8
3121 2
3122 4
3123 6
3124 4
3125 6
3126 4
3127 4
3128 4
3129 8
3130 4
3131 4
3132 8
3133 4
3134 2
3135 16
3136 3
3137 2
3138 4
3139 4
3140 4
3141 6
3142 2
3143 4
3144 4
3145 8
3146 6
3147 4
3148 2
3149 4
3150 18
3151 4
3152 2
3153 4
3154 4
3155 4
3156 4
3157 8
3158 2
3159 12
3160 3
3161 4
3162 8
3163 2
3164 4
3165 8
3166 2
3167 2
3168 6
3169 2
3170 4
3171 8
3172 4
3173 4
3174 6
3175 6
3176 2
3177 6
3178 4
3179 6
3180 8
3181 2
3182 4
3183 4
3184 2
3185 12
3186 8
3187 2
3188 2
3189 4
3190 8
3191 2
3192 8
3193 4
3194 2
3195 12
3196 4
3197 4
3198 8
3199 4
3200 3
3201 8
3202 2
3203 2
3204 6
3205 4
3206 4
3207 4
3208 2
3209 2
3210 8
3211 6
3212 4
3213 16
3214 2
3215 4
3216 4
3217 2
3218 2
3219 8
3220 8
3221 2
3222 6
3223 4
3224 4
3225 12
3226 2
3227 4
3228 4
3229 2
3230 8
3231 6
3232 2
3233 4
3234 12
3235 4
3236 2
3237 8
3238 2
3239 4
3240 9
3241 4
3242 2
3243 8
3244 2
3245 8
3246 4
3247 4
3248 4
3249 9
3250 8
3251 2
3252 4
3253 2
3254 2
3255 16
3256 4
3257 2
3258 6
3259 2
3260 4
3261 4
3262 4
3263 4
3264 4
3265 4
3266 4
3267 12
3268 4
3269 4
3270 8
3271 2
3272 2
3273 4
3274 2
3275 6
3276 12
3277 4
3278 4
3279 4
3280 4
3281 4
3282 4
3283 6
3284 2
3285 12
3286 4
3287 4
3288 4
3289 8
3290 8
3291 4
3292 2
3293 4
3294 8
3295 4
3296 2
3297 8
3298 4
3299 2
3300 12
3301 2
3302 4
3303 6
3304 4
3305 4
3306 8
3307 2
3308 2
3309 4
3310 4
3311 8
3312 6
3313 2
3314 2
3315 16
3316 2
3317 4
3318 8
3319 2
3320 4
3321 9
3322 4
3323 2
3324 4
3325 12
3326 2
3327 4
3328 2
3329 2
3330 12
3331 2
3332 6
3333 8
3334 2
3335 8
3336 4
3337 4
3338 2
3339 12
3340 4
3341 4
3342 4
3343 2
3344 4
3345 8
3346 4
3347 2
3348 8
3349 4
3350 6
3351 4
3352 2
3353 4
3354 8
3355 8
3356 2
3357 6
3358 4
3359 2
3360 8
3361 2
3362 3
3363 8
3364 3
3365 4
3366 12
3367 8
3368 2
3369 4
3370 4
3371 2
3372 4
3373 2
3374 4
3375 16
3376 2
3377 4
3378 4
3379 4
3380 6
3381 12
3382 4
3383 4
3384 6
3385 4
3386 2
3387 4
3388 6
3389 2
3390 8
3391 2
3392 2
3393 12
3394 2
3395 8
3396 4
3397 4
3398 2
3399 8
3400 6
3401 4
3402 12
3403 3
3404 4
3405 8
3406 4
3407 2
3408 4
3409 4
3410 8
3411 6
3412 2
3413 2
3414 4
3415 4
3416 4
3417 8
3418 2
3419 4
3420 12
3421 4
3422 4
3423 8
3424 2
3425 6
3426 4
3427 4
3428 2
3429 8
3430 8
3431 4
3432 8
3433 2
3434 4
3435 8
3436 2
3437 4
3438 6
3439 4
3440 4
3441 8
3442 2
3443 4
3444 8
3445 8
3446 2
3447 6
3448 2
3449 2
3450 12
3451 8
3452 2
3453 4
3454 4
3455 4
3456 4
3457 2
3458 8
3459 4
3460 4
3461 2
3462 4
3463 2
3464 2
3465 24
3466 2
3467 2
3468 6
3469 2
3470 4
3471 8
3472 4
3473 4
3474 6
3475 6
3476 4
3477 8
3478 4
3479 6
3480 8
3481 3
3482 2
3483 10
3484 4
3485 8
3486 7
3487 4
3488 2
3489 4
3490 4
3491 2
3492 6
3493 4
3494 2
3495 8
3496 4
3497 4
3498 8
3499 2
3500 8
3501 6
3502 4
3503 4
3504 4
3505 4
3506 2
3507 8
3508 2
3509 6
3510 16
3511 2
3512 2
3513 4
3514 4
3515 8
3516 4
3517 2
3518 2
3519 12
3520 4
3521 4
3522 4
3523 4
3524 2
3525 12
3526 4
3527 2
3528 9
3529 2
3530 4
3531 8
3532 2
3533 2
3534 8
3535 8
3536 4
3537 8
3538 4
3539 2
3540 8
3541 2
3542 8
3543 4
3544 2
3545 4
3546 6
3547 2
3548 2
3549 12
3550 6
3551 4
3552 4
3553 8
3554 2
3555 12
3556 4
3557 2
3558 4
3559 2
3560 4
3561 4
3562 4
3563 4
3564 10
3565 8
3566 2
3567 8
3568 2
3569 4
3570 15
3571 2
3572 4
3573 6
3574 2
3575 12
3576 4
3577 6
3578 2
3579 4
3580 4
3581 2
3582 6
3583 2
3584 2
3585 8
3586 4
3587 4
3588 8
3589 4
3590 4
3591 16
3592 2
3593 2
3594 4
3595 4
3596 4
3597 8
3598 4
3599 4
3600 9
3601 4
3602 2
3603 4
3604 4
3605 8
3606 4
3607 2
3608 4
3609 6
3610 6
3611 4
3612 8
3613 2
3614 4
3615 8
3616 2
3617 2
3618 8
3619 8
3620 4
3621 8
3622 2
3623 2
3624 4
3625 8
3626 6
3627 12
3628 2
3629 4
3630 12
3631 2
3632 2
3633 8
3634 4
3635 4
3636 6
3637 2
3638 4
3639 4
3640 8
3641 4
3642 4
3643 2
3644 2
3645 14
3646 2
3647 4
3648 4
3649 4
3650 6
3651 4
3652 4
3653 4
3654 12
3655 7
3656 2
3657 8
3658 4
3659 2
3660 8
3661 4
3662 2
3663 12
3664 2
3665 4
3666 8
3667 4
3668 4
3669 4
3670 4
3671 2
3672 8
3673 2
3674 4
3675 18
3676 2
3677 2
3678 4
3679 4
3680 4
3681 6
3682 4
3683 4
3684 4
3685 8
3686 4
3687 4
3688 2
3689 8
3690 12
3691 2
3692 4
3693 4
3694 2
3695 4
3696 8
3697 2
3698 3
3699 8
3700 6
3701 2
3702 4
3703 6
3704 2
3705 16
3706 4
3707 4
3708 6
3709 2
3710 8
3711 4
3712 2
3713 4
3714 4
3715 4
3716 2
3717 12
3718 6
3719 2
3720 8
3721 3
3722 2
3723 8
3724 6
3725 6
3726 10
3727 2
3728 2
3729 8
3730 4
3731 8
3732 4
3733 2
3734 2
3735 12
3736 2
3737 4
3738 8
3739 2
3740 8
3741 7
3742 2
3743 4
3744 6
3745 8
3746 2
3747 4
3748 2
3749 4
3750 10
3751 6
3752 4
3753 8
3754 2
3755 4
3756 4
3757 6
3758 2
3759 8
3760 4
3761 2
3762 12
3763 4
3764 2
3765 8
3766 4
3767 2
3768 4
3769 2
3770 8
3771 6
3772 4
3773 8
3774 8
3775 6
3776 2
3777 4
3778 2
3779 2
3780 16
3781 4
3782 4
3783 8
3784 4
3785 4
3786 4
3787 4
3788 2
3789 6
3790 4
3791 4
3792 4
3793 2
3794 4
3795 16
3796 4
3797 2
3798 6
3799 4
3800 6
3801 8
3802 2
3803 2
3804 4
3805 4
3806 4
3807 10
3808 4
3809 4
3810 8
3811 4
3812 2
3813 8
3814 2
3815 8
3816 6
3817 4
3818 4
3819 8
3820 4
3821 2
3822 12
3823 2
3824 2
3825 18
3826 2
3827 4
3828 7
3829 4
3830 4
3831 4
3832 2
3833 2
3834 8
3835 8
3836 4
3837 4
3838 4
3839 4
3840 4
3841 4
3842 4
3843 12
3844 3
3845 4
3846 4
3847 2
3848 4
3849 4
3850 12
3851 2
3852 6
3853 2
3854 4
3855 8
3856 2
3857 8
3858 4
3859 4
3860 4
3861 16
3862 2
3863 2
3864 8
3865 4
3866 2
3867 4
3868 2
3869 4
3870 12
3871 6
3872 3
3873 4
3874 4
3875 8
3876 8
3877 2
3878 4
3879 6
3880 4
3881 2
3882 4
3883 4
3884 2
3885 16
3886 4
3887 6
3888 6
3889 2
3890 4
3891 4
3892 4
3893 4
3894 8
3895 8
3896 2
3897 6
3898 2
3899 4
3900 12
3901 4
3902 2
3903 4
3904 2
3905 8
3906 12
3907 2
3908 2
3909 4
3910 8
3911 2
3912 4
3913 8
3914 4
3915 16
3916 3
3917 2
3918 4
3919 2
3920 6
3921 4
3922 4
3923 2
3924 6
3925 6
3926 4
3927 16
3928 2
3929 2
3930 8
3931 2
3932 2
3933 12
3934 4
3935 4
3936 4
3937 4
3938 4
3939 8
3940 4
3941 4
3942 8
3943 2
3944 4
3945 8
3946 2
3947 2
3948 8
3949 4
3950 6
3951 6
3952 4
3953 4
3954 4
3955 8
3956 4
3957 4
3958 2
3959 4
3960 12
3961 4
3962 4
3963 4
3964 2
3965 8
3966 4
3967 2
3968 2
3969 15
3970 4
3971 6
3972 4
3973 4
3974 2
3975 12
3976 4
3977 4
3978 12
3979 4
3980 4
3981 4
3982 4
3983 4
3984 4
3985 4
3986 2
3987 6
3988 2
3989 2
3990 16
3991 4
3992 2
3993 8
3994 2
3995 8
3996 8
3997 4
3998 2
3999 8
4000 4
4001 2
4002 8
4003 2
4004 8
4005 11
4006 2
4007 2
4008 4
4009 4
4010 4
4011 8
4012 4
4013 2
4014 6
4015 8
4016 2
4017 8
4018 6
4019 2
4020 8
4021 2
4022 2
4023 8
4024 2
4025 12
4026 8
4027 2
4028 4
4029 8
4030 8
4031 4
4032 6
4033 4
4034 2
4035 8
4036 2
4037 4
4038 4
4039 4
4040 4
4041 6
4042 4
4043 4
4044 4
4045 4
4046 6
4047 8
4048 4
4049 2
4050 15
4051 2
4052 2
4053 8
4054 2
4055 4
4056 6
4057 2
4058 2
4059 12
4060 8
4061 4
4062 4
4063 4
4064 2
4065 8
4066 4
4067 6
4068 6
4069 4
4070 8
4071 8
4072 2
4073 2
4074 8
4075 6
4076 2
4077 8
4078 2
4079 2
4080 8
4081 8
4082 4
4083 4
4084 2
4085 8
4086 6
4087 4
4088 4
4089 8
4090 4
4091 2
4092 8
4093 2
4094 4
4095 23
4096 1
4097 4
4098 4
4099 2
4100 6
4101 4
4102 4
4103 4
4104 8
4105 4
4106 2
4107 6
4108 4
4109 4
4110 8
4111 2
4112 2
4113 6
4114 6
4115 4
4116 8
4117 4
4118 4
4119 4
4120 4
4121 4
4122 6
4123 8
4124 2
4125 16
4126 2
4127 2
4128 4
4129 2
4130 8
4131 12
4132 2
4133 2
4134 8
4135 4
4136 4
4137 8
4138 2
4139 2
4140 12
4141 4
4142 4
4143 4
4144 4
4145 4
4146 4
4147 8
4148 4
4149 6
4150 6
4151 4
4152 4
4153 2
4154 4
4155 8
4156 2
4157 2
4158 16
4159 2
4160 4
4161 8
4162 2
4163 4
4164 4
4165 12
4166 2
4167 6
4168 2
4169 4
4170 8
4171 4
4172 4
4173 8
4174 2
4175 6
4176 6
4177 2
4178 2
4179 8
4180 8
4181 4
4182 8
4183 4
4184 2
4185 16
4186 7
4187 4
4188 4
4189 4
4190 4
4191 8
4192 2
4193 4
4194 6
4195 4
4196 2
4197 4
4198 2
4199 8
4200 12
4201 2
4202 4
4203 6
4204 2
4205 6
4206 4
4207 4
4208 2
4209 8
4210 4
4211 2
4212 10
4213 4
4214 6
4215 8
4216 4
4217 2
4218 8
4219 2
4220 4
4221 12
4222 2
4223 4
4224 4
4225 9
4226 2
4227 4
4228 4
4229 2
4230 12
4231 2
4232 3
4233 8
4234 4
4235 12
4236 4
4237 4
4238 4
4239 8
4240 4
4241 2
4242 8
4243 2
4244 2
4245 8
4246 4
4247 4
4248 6
4249 4
4250 8
4251 8
4252 2
4253 2
4254 4
4255 8
4256 4
4257 12
4258 2
4259 2
4260 8
4261 2
4262 2
4263 12
4264 4
4265 4
4266 8
4267 4
4268 4
4269 4
4270 8
4271 2
4272 4
4273 2
4274 2
4275 18
4276 2
4277 8
4278 7
4279 4
4280 4
4281 4
4282 2
4283 2
4284 12
4285 4
4286 2
4287 4
4288 2
4289 2
4290 16
4291 4
4292 4
4293 10
4294 4
4295 4
4296 4
4297 2
4298 4
4299 4
4300 6
4301 8
4302 6
4303 4
4304 2
4305 16
4306 2
4307 4
4308 4
4309 4
4310 4
4311 6
4312 6
4313 4
4314 4
4315 4
4316 4
4317 4
4318 4
4319 4
4320 8
4321 4
4322 2
4323 8
4324 4
4325 6
4326 8
4327 2
4328 2
4329 12
4330 4
4331 4
4332 6
4333 4
4334 4
4335 12
4336 2
4337 2
4338 6
4339 2
4340 8
4341 4
4342 4
4343 4
4344 4
4345 8
4346 4
4347 16
4348 2
4349 2
4350 12
4351 4
4352 2
4353 4
4354 4
4355 8
4356 9
4357 2
4358 2
4359 4
4360 4
4361 6
4362 4
4363 2
4364 2
4365 12
4366 4
4367 4
4368 8
4369 4
4370 8
4371 7
4372 2
4373 2
4374 8
4375 10
4376 2
4377 4
4378 4
4379 4
4380 8
4381 4
4382 4
4383 6
4384 2
4385 4
4386 8
4387 4
4388 2
4389 16
4390 4
4391 2
4392 6
4393 4
4394 4
4395 8
4396 4
4397 2
4398 4
4399 4
4400 6
4401 8
4402 4
4403 8
4404 4
4405 4
4406 2
4407 8
4408 4
4409 2
4410 18
4411 4
4412 2
4413 4
4414 2
4415 4
4416 4
4417 4
4418 3
4419 6
4420 8
4421 2
4422 8
4423 2
4424 4
4425 12
4426 2
4427 4
4428 8
4429 4
4430 4
4431 8
4432 2
4433 8
4434 4
4435 4
4436 2
4437 12
4438 4
4439 4
4440 8
4441 2
4442 2
4443 4
4444 4
4445 8
4446 12
4447 2
4448 2
4449 4
4450 6
4451 2
4452 8
4453 4
4454 4
4455 20
4456 2
4457 2
4458 4
4459 8
4460 4
4461 4
4462 4
4463 2
4464 6
4465 7
4466 8
4467 4
4468 2
4469 4
4470 8
4471 4
4472 4
4473 12
4474 2
4475 6
4476 4
4477 6
4478 2
4479 4
4480 4
4481 2
4482 8
4483 2
4484 4
4485 16
4486 2
4487 4
4488 8
4489 3
4490 4
4491 6
4492 2
4493 2
4494 8
4495 8
4496 2
4497 4
4498 4
4499 4
4500 12
4501 4
4502 2
4503 8
4504 2
4505 8
4506 4
4507 2
4508 6
4509 8
4510 8
4511 4
4512 4
4513 2
4514 4
4515 16
4516 2
4517 2
4518 6
4519 2
4520 4
4521 8
4522 8
4523 2
4524 8
4525 6
4526 4
4527 6
4528 2
4529 4
4530 8
4531 4
4532 4
4533 4
4534 2
4535 4
4536 10
4537 4
4538 2
4539 8
4540 4
4541 4
4542 4
4543 8
4544 2
4545 12
4546 2
4547 2
4548 4
4549 2
4550 12
4551 8
4552 2
4553 4
4554 12
4555 4
4556 4
4557 12
4558 4
4559 4
4560 7
4561 2
4562 2
4563 12
4564 4
4565 8
4566 4
4567 2
4568 2
4569 4
4570 4
4571 4
4572 6
4573 4
4574 2
4575 12
4576 4
4577 4
4578 8
4579 4
4580 4
4581 6
4582 4
4583 2
4584 4
4585 8
4586 2
4587 8
4588 4
4589 4
4590 16
4591 2
4592 4
4593 4
4594 2
4595 4
4596 4
4597 2
4598 6
4599 12
4600 6
4601 4
4602 8
4603 2
4604 2
4605 8
4606 6
4607 4
4608 3
4609 4
4610 4
4611 8
4612 2
4613 4
4614 4
4615 8
4616 2
4617 12
4618 2
4619 4
4620 16
4621 2
4622 2
4623 8
4624 3
4625 8
4626 6
4627 4
4628 4
4629 4
4630 4
4631 4
4632 4
4633 4
4634 4
4635 12
4636 4
4637 2
4638 4
4639 2
4640 4
4641 16
4642 4
4643 2
4644 8
4645 4
4646 4
4647 4
4648 4
4649 2
4650 12
4651 2
4652 2
4653 12
4654 4
4655 12
4656 3
4657 2
4658 4
4659 4
4660 4
4661 4
4662 12
4663 2
4664 4
4665 8
4666 2
4667 4
4668 4
4669 8
4670 4
4671 8
4672 2
4673 2
4674 8
4675 12
4676 4
4677 4
4678 2
4679 2
4680 12
4681 4
4682 2
4683 8
4684 2
4685 4
4686 8
4687 4
4688 2
4689 6
4690 8
4691 2
4692 8
4693 6
4694 2
4695 8
4696 2
4697 8
4698 10
4699 4
4700 6
4701 4
4702 2
4703 2
4704 6
4705 4
4706 4
4707 6
4708 4
4709 4
4710 8
4711 4
4712 4
4713 4
4714 2
4715 8
4716 6
4717 4
4718 4
4719 12
4720 4
4721 2
4722 4
4723 2
4724 2
4725 24
4726 4
4727 4
4728 4
4729 2
4730 8
4731 8
4732 6
4733 2
4734 6
4735 4
4736 2
4737 4
4738 4
4739 4
4740 8
4741 4
4742 2
4743 12
4744 2
4745 8
4746 8
4747 4
4748 2
4749 4
4750 8
4751 2
4752 8
4753 5
4754 2
4755 8
4756 4
4757 4
4758 8
4759 2
4760 8
4761 9
4762 2
4763 4
4764 4
4765 4
4766 2
4767 8
4768 2
4769 4
4770 12
4771 4
4772 2
4773 8
4774 8
4775 6
4776 4
4777 4
4778 2
4779 10
4780 4
4781 4
4782 4
4783 2
4784 4
4785 16
4786 2
4787 2
4788 12
4789 2
4790 4
4791 4
4792 2
4793 2
4794 8
4795 8
4796 4
4797 12
4798 2
4799 2
4800 6
4801 2
4802 5
4803 4
4804 2
4805 6
4806 8
4807 8
4808 2
4809 8
4810 8
4811 4
4812 4
4813 2
4814 4
4815 12
4816 4
4817 2
4818 8
4819 4
4820 4
4821 4
4822 2
4823 8
4824 6
4825 6
4826 4
4827 4
4828 4
4829 4
4830 16
4831 2
4832 2
4833 8
4834 2
4835 4
4836 8
4837 4
4838 4
4839 4
4840 6
4841 4
4842 6
4843 4
4844 4
4845 16
4846 2
4847 4
4848 4
4849 4
4850 6
4851 17
4852 2
4853 4
4854 4
4855 4
4856 2
4857 4
4858 4
4859 4
4860 12
4861 2
4862 8
4863 4
4864 2
4865 8
4866 4
4867 4
4868 2
4869 6
4870 4
4871 2
4872 8
4873 4
4874 2
4875 16
4876 4
4877 2
4878 6
4879 8
4880 4
4881 4
4882 2
4883 4
4884 8
4885 4
4886 4
4887 8
4888 4
4889 2
4890 8
4891 4
4892 2
4893 8
4894 2
4895 8
4896 6
4897 4
4898 4
4899 8
4900 9
4901 6
4902 8
4903 2
4904 2
4905 12
4906 4
4907 4
4908 4
4909 2
4910 4
4911 4
4912 2
4913 4
4914 16
4915 4
4916 2
4917 8
4918 2
4919 2
4920 8
4921 8
4922 4
4923 6
4924 2
4925 6
4926 4
4927 4
4928 4
4929 8
4930 8
4931 2
4932 6
4933 2
4934 2
4935 16
4936 2
4937 2
4938 4
4939 4
4940 8
4941 10
4942 4
4943 2
4944 4
4945 8
4946 2
4947 8
4948 2
4949 6
4950 17
4951 2
4952 2
4953 8
4954 2
4955 4
4956 8
4957 2
4958 4
4959 12
4960 4
4961 6
4962 4
4963 4
4964 4
4965 8
4966 4
4967 2
4968 8
4969 2
4970 8
4971 4
4972 4
4973 2
4974 4
4975 6
4976 2
4977 12
4978 4
4979 4
4980 8
4981 4
4982 4
4983 8
4984 4
4985 4
4986 6
4987 2
4988 4
4989 4
4990 4
4991 8
4992 4
4993 2
4994 4
4995 16
4996 2
4997 4
4998 12
4999 2
5000 5
5001 4
5002 4
5003 2
5004 6
5005 16
5006 2
5007 4
5008 2
5009 2
5010 8
5011 2
5012 4
5013 6
5014 4
5015 8
5016 8
5017 4
5018 4
5019 8
5020 4
5021 2
5022 10
5023 2
5024 2
5025 12
5026 4
5027 4
5028 4
5029 4
5030 4
5031 12
5032 4
5033 4
5034 4
5035 8
5036 2
5037 8
5038 4
5039 2
5040 12
5041 3
5042 2
5043 6
5044 4
5045 4
5046 6
5047 6
5048 2
5049 16
5050 5
5051 2
5052 4
5053 4
5054 6
5055 8
5056 2
5057 4
5058 6
5059 2
5060 8
5061 8
5062 2
5063 4
5064 4
5065 4
5066 4
5067 6
5068 4
5069 4
5070 12
5071 4
5072 2
5073 8
5074 4
5075 12
5076 8
5077 2
5078 2
5079 4
5080 4
5081 2
5082 12
5083 8
5084 4
5085 12
5086 2
5087 2
5088 4
5089 4
5090 4
5091 4
5092 4
5093 4
5094 6
5095 4
5096 6
5097 4
5098 2
5099 2
5100 12
5101 2
5102 2
5103 14
5104 4
5105 4
5106 8
5107 2
5108 2
5109 8
5110 8
5111 4
5112 6
5113 2
5114 2
5115 16
5116 2
5117 8
5118 4
5119 2
5120 2
5121 6
5122 4
5123 4
5124 8
5125 8
5126 4
5127 4
5128 2
5129 4
5130 16
5131 4
5132 2
5133 8
5134 4
5135 8
5136 4
5137 4
5138 4
5139 6
5140 4
5141 4
5142 4
5143 4
5144 2
5145 16
5146 4
5147 2
5148 12
5149 4
5150 6
5151 7
5152 4
5153 2
5154 4
5155 4
5156 2
5157 8
5158 2
5159 8
5160 8
5161 4
5162 4
5163 4
5164 2
5165 4
5166 12
5167 2
5168 4
5169 4
5170 8
5171 2
5172 4
5173 4
5174 4
5175 18
5176 2
5177 4
5178 4
5179 2
5180 8
5181 8
5182 2
5183 4
5184 5
5185 8
5186 2
5187 16
5188 2
5189 2
5190 8
5191 4
5192 4
5193 6
5194 6
5195 4
5196 4
5197 2
5198 4
5199 4
5200 6
5201 4
5202 9
5203 6
5204 2
5205 8
5206 4
5207 4
5208 8
5209 2
5210 4
5211 8
5212 2
5213 4
5214 8
5215 8
5216 2
5217 8
5218 2
5219 4
5220 12
5221 4
5222 4
5223 4
5224 2
5225 12
5226 8
5227 2
5228 2
5229 12
5230 4
5231 2
5232 4
5233 2
5234 2
5235 8
5236 8
5237 2
5238 8
5239 6
5240 4
5241 4
5242 2
5243 6
5244 8
5245 4
5246 4
5247 12
5248 2
5249 4
5250 16
5251 4
5252 4
5253 7
5254 4
5255 4
5256 6
5257 4
5258 4
5259 4
5260 4
5261 2
5262 4
5263 4
5264 4
5265 20
5266 2
5267 4
5268 4
5269 4
5270 8
5271 8
5272 2
5273 2
5274 6
5275 6
5276 2
5277 4
5278 8
5279 2
5280 8
5281 2
5282 4
5283 6
5284 2
5285 8
5286 4
5287 4
5288 2
5289 8
5290 6
5291 8
5292 12
5293 4
5294 2
5295 8
5296 2
5297 2
5298 4
5299 4
5300 6
5301 12
5302 4
5303 2
5304 8
5305 4
5306 4
5307 8
5308 2
5309 2
5310 12
5311 4
5312 2
5313 16
5314 2
5315 4
5316 4
5317 4
5318 2
5319 8
5320 8
5321 4
5322 4
5323 2
5324 4
5325 12
5326 2
5327 4
5328 6
5329 3
5330 8
5331 4
5332 4
5333 2
5334 8
5335 8
5336 4
5337 6
5338 4
5339 4
5340 8
5341 6
5342 2
5343 8
5344 2
5345 4
5346 12
5347 2
5348 4
5349 4
5350 6
5351 2
5352 4
5353 4
5354 2
5355 24
5356 3
5357 4
5358 8
5359 4
5360 4
5361 4
5362 4
5363 4
5364 6
5365 8
5366 2
5367 4
5368 4
5369 8
5370 8
5371 4
5372 4
5373 8
5374 2
5375 8
5376 4
5377 4
5378 2
5379 8
5380 4
5381 2
5382 12
5383 4
5384 2
5385 8
5386 2
5387 2
5388 4
5389 4
5390 12
5391 6
5392 2
5393 2
5394 8
5395 8
5396 4
5397 8
5398 2
5399 2
5400 12
5401 4
5402 4
5403 4
5404 4
5405 8
5406 8
5407 2
5408 3
5409 6
5410 4
5411 4
5412 8
5413 2
5414 2
5415 12
5416 2
5417 2
5418 12
5419 2
5420 4
5421 8
5422 2
5423 8
5424 4
5425 12
5426 2
5427 10
5428 4
5429 4
5430 8
5431 2
5432 4
5433 4
5434 8
5435 4
5436 6
5437 2
5438 2
5439 12
5440 4
5441 2
5442 4
5443 2
5444 2
5445 18
5446 4
5447 4
5448 4
5449 2
5450 6
5451 8
5452 4
5453 8
5454 8
5455 4
5456 4
5457 8
5458 2
5459 4
5460 15
5461 4
5462 2
5463 6
5464 2
5465 4
5466 4
5467 8
5468 2
5469 4
5470 4
5471 2
5472 6
5473 4
5474 8
5475 12
5476 3
5477 2
5478 8
5479 2
5480 4
5481 16
5482 2
5483 2
5484 4
5485 4
5486 4
5487 8
5488 4
5489 4
5490 12
5491 6
5492 2
5493 4
5494 4
5495 8
5496 4
5497 4
5498 2
5499 12
5500 8
5501 2
5502 8
5503 2
5504 2
5505 8
5506 2
5507 2
5508 10
5509 4
5510 8
5511 8
5512 4
5513 4
5514 4
5515 4
5516 4
5517 6
5518 4
5519 2
5520 8
5521 2
5522 4
5523 8
5524 2
5525 12
5526 6
5527 2
5528 2
5529 8
5530 8
5531 2
5532 4
5533 4
5534 2
5535 16
5536 2
5537 6
5538 8
5539 4
5540 4
5541 4
5542 4
5543 4
5544 12
5545 4
5546 4
5547 6
5548 4
5549 4
5550 12
5551 8
5552 2
5553 6
5554 2
5555 8
5556 4
5557 2
5558 4
5559 8
5560 4
5561 4
5562 8
5563 2
5564 4
5565 15
5566 6
5567 4
5568 4
5569 2
5570 4
5571 6
5572 4
5573 2
5574 4
5575 6
5576 4
5577 12
5578 2
5579 4
5580 12
5581 2
5582 2
5583 4
5584 2
5585 4
5586 12
5587 4
5588 4
5589 12
5590 8
5591 2
5592 4
5593 8
5594 2
5595 8
5596 2
5597 4
5598 6
5599 4
5600 6
5601 4
5602 2
5603 4
5604 4
5605 8
5606 2
5607 12
5608 2
5609 4
5610 16
5611 4
5612 4
5613 4
5614 4
5615 4
5616 8
5617 4
5618 3
5619 4
5620 4
5621 8
5622 4
5623 2
5624 4
5625 15
5626 4
5627 4
5628 8
5629 4
5630 4
5631 4
5632 2
5633 4
5634 6
5635 12
5636 2
5637 4
5638 2
5639 2
5640 8
5641 2
5642 8
5643 16
5644 4
5645 4
5646 4
5647 2
5648 2
5649 8
5650 6
5651 2
5652 6
5653 2
5654 4
5655 16
5656 4
5657 2
5658 8
5659 2
5660 4
5661 12
5662 4
5663 4
5664 4
5665 8
5666 2
5667 4
5668 4
5669 2
5670 20
5671 3
5672 2
5673 8
5674 2
5675 6
5676 8
5677 4
5678 4
5679 6
5680 4
5681 8
5682 4
5683 2
5684 6
5685 8
5686 2
5687 6
5688 6
5689 2
5690 4
5691 8
5692 2
5693 2
5694 8
5695 8
5696 2
5697 8
5698 8
5699 4
5700 12
5701 2
5702 2
5703 4
5704 4
5705 8
5706 6
5707 4
5708 2
5709 8
5710 4
5711 2
5712 8
5713 4
5714 2
5715 12
5716 2
5717 2
5718 4
5719 8
5720 8
5721 4
5722 2
5723 4
5724 8
5725 6
5726 4
5727 8
5728 2
5729 4
5730 8
5731 4
5732 2
5733 18
5734 4
5735 8
5736 4
5737 2
5738 4
5739 4
5740 8
5741 2
5742 12
5743 2
5744 2
5745 8
5746 6
5747 4
5748 4
5749 2
5750 8
5751 10
5752 2
5753 4
5754 8
5755 4
5756 2
5757 8
5758 2
5759 4
5760 6
5761 4
5762 4
5763 8
5764 4
5765 4
5766 6
5767 4
5768 4
5769 6
5770 4
5771 4
5772 8
5773 4
5774 2
5775 24
5776 3
5777 4
5778 7
5779 2
5780 6
5781 8
5782 6
5783 2
5784 4
5785 8
5786 4
5787 6
5788 2
5789 4
5790 8
5791 2
5792 2
5793 4
5794 2
5795 8
5796 12
5797 8
5798 4
5799 4
5800 6
5801 2
5802 4
5803 4
5804 2
5805 16
5806 2
5807 2
5808 6
5809 4
5810 8
5811 8
5812 2
5813 2
5814 12
5815 4
5816 2
5817 8
5818 2
5819 6
5820 8
5821 2
5822 4
5823 6
5824 4
5825 6
5826 4
5827 2
5828 4
5829 8
5830 8
5831 8
5832 7
5833 4
5834 2
5835 8
5836 2
5837 4
5838 8
5839 2
5840 4
5841 12
5842 4
5843 2
5844 4
5845 8
5846 4
5847 4
5848 4
5849 2
5850 18
5851 2
5852 8
5853 4
5854 2
5855 4
5856 4
5857 2
5858 4
5859 16
5860 4
5861 2
5862 4
5863 8
5864 2
5865 16
5866 4
5867 2
5868 6
5869 2
5870 4
5871 8
5872 2
5873 4
5874 8
5875 8
5876 4
5877 6
5878 2
5879 2
5880 12
5881 2
5882 4
5883 8
5884 2
5885 8
5886 7
5887 6
5888 2
5889 8
5890 8
5891 4
5892 4
5893 4
5894 4
5895 12
5896 4
5897 2
5898 4
5899 4
5900 6
5901 8
5902 4
5903 2
5904 6
5905 4
5906 2
5907 8
5908 4
5909 4
5910 8
5911 4
5912 2
5913 10
5914 2
5915 12
5916 8
5917 4
5918 4
5919 4
5920 4
5921 4
5922 12
5923 2
5924 2
5925 12
5926 2
5927 2
5928 8
5929 9
5930 4
5931 6
5932 2
5933 4
5934 8
5935 4
5936 4
5937 4
5938 2
5939 2
5940 16
5941 4
5942 2
5943 8
5944 2
5945 8
5946 4
5947 4
5948 2
5949 6
5950 12
5951 4
5952 4
5953 2
5954 4
5955 8
5956 2
5957 8
5958 6
5959 4
5960 4
5961 4
5962 4
5963 4
5964 8
5965 4
5966 4
5967 16
5968 2
5969 4
5970 8
5971 4
5972 2
5973 8
5974 4
5975 6
5976 6
5977 4
5978 6
5979 4
5980 8
5981 2
5982 4
5983 4
5984 4
5985 24
5986 4
5987 2
5988 4
5989 4
5990 4
5991 4
5992 4
5993 4
5994 10
5995 7
5996 2
5997 4
5998 2
5999 4
6000 8
6001 4
6002 2
6003 12
6004 4
6005 4
6006 16
6007 2
6008 2
6009 4
6010 4
6011 2
6012 6
6013 4
6014 4
6015 8
6016 2
6017 4
6018 8
6019 4
6020 8
6021 8
6022 2
6023 4
6024 4
6025 6
6026 4
6027 12
6028 4
6029 2
6030 12
6031 4
6032 4
6033 4
6034 4
6035 8
6036 4
6037 2
6038 2
6039 12
6040 4
6041 4
6042 8
6043 2
6044 2
6045 16
6046 2
6047 2
6048 8
6049 4
6050 9
6051 4
6052 4
6053 2
6054 4
6055 8
6056 2
6057 6
6058 4
6059 4
6060 8
6061 8
6062 4
6063 8
6064 2
6065 4
6066 6
6067 2
6068 4
6069 12
6070 4
6071 4
6072 8
6073 2
6074 2
6075 18
6076 6
6077 4
6078 4
6079 2
6080 4
6081 4
6082 2
6083 8
6084 9
6085 4
6086 4
6087 4
6088 2
6089 2
6090 16
6091 2
6092 2
6093 6
6094 4
6095 8
6096 4
6097 8
6098 2
6099 8
6100 6
6101 2
6102 8
6103 4
6104 4
6105 15
6106 4
6107 4
6108 4
6109 4
6110 8
6111 12
6112 2
6113 2
6114 4
6115 4
6116 4
6117 4
6118 8
6119 4
6120 12
6121 2
6122 2
6123 8
6124 2
6125 12
6126 4
6127 4
6128 2
6129 8
6130 4
6131 2
6132 8
6133 2
6134 2
6135 8
6136 4
6137 6
6138 12
6139 4
6140 4
6141 8
6142 4
6143 2
6144 2
6145 4
6146 4
6147 6
6148 4
6149 8
6150 12
6151 2
6152 2
6153 8
6154 4
6155 4
6156 10
6157 4
6158 2
6159 4
6160 8
6161 4
6162 8
6163 2
6164 4
6165 12
6166 2
6167 4
6168 4
6169 4
6170 4
6171 12
6172 2
6173 2
6174 12
6175 12
6176 2
6177 8
6178 2
6179 4
6180 8
6181 4
6182 4
6183 8
6184 2
6185 4
6186 4
6187 4
6188 8
6189 4
6190 4
6191 4
6192 6
6193 4
6194 4
6195 16
6196 2
6197 2
6198 4
6199 2
6200 6
6201 12
6202 4
6203 2
6204 8
6205 8
6206 4
6207 4
6208 2
6209 4
6210 16
6211 2
6212 2
6213 8
6214 4
6215 8
6216 7
6217 2
6218 2
6219 6
6220 4
6221 2
6222 8
6223 6
6224 2
6225 12
6226 4
6227 4
6228 6
6229 2
6230 8
6231 8
6232 4
6233 4
6234 4
6235 8
6236 2
6237 20
6238 2
6239 4
6240 8
6241 3
6242 2
6243 4
6244 4
6245 4
6246 6
6247 2
6248 4
6249 4
6250 6
6251 8
6252 4
6253 6
6254 4
6255 12
6256 4
6257 2
6258 8
6259 4
6260 4
6261 4
6262 4
6263 2
6264 8
6265 8
6266 4
6267 4
6268 2
6269 2
6270 16
6271 2
6272 3
6273 12
6274 2
6275 6
6276 4
6277 2
6278 4
6279 16
6280 4
6281 4
6282 6
6283 4
6284 2
6285 8
6286 4
6287 2
6288 4
6289 4
6290 8
6291 8
6292 6
6293 8
6294 4
6295 4
6296 2
6297 4
6298 4
6299 2
6300 18
6301 2
6302 4
6303 8
6304 2
6305 8
6306 4
6307 8
6308 4
6309 6
6310 4
6311 2
6312 4
6313 4
6314 8
6315 8
6316 2
6317 2
6318 12
6319 4
6320 4
6321 12
6322 4
6323 2
6324 8
6325 12
6326 2
6327 12
6328 3
6329 2
6330 8
6331 4
6332 2
6333 4
6334 2
6335 8
6336 6
6337 2
6338 2
6339 4
6340 4
6341 4
6342 8
6343 2
6344 4
6345 16
6346 4
6347 4
6348 6
6349 4
6350 6
6351 8
6352 2
6353 2
6354 6
6355 8
6356 4
6357 8
6358 6
6359 2
6360 8
6361 2
6362 2
6363 12
6364 4
6365 8
6366 4
6367 2
6368 2
6369 8
6370 12
6371 4
6372 8
6373 2
6374 2
6375 16
6376 2
6377 4
6378 4
6379 2
6380 8
6381 6
6382 2
6383 4
6384 8
6385 4
6386 4
6387 4
6388 2
6389 2
6390 12
6391 8
6392 4
6393 4
6394 4
6395 4
6396 8
6397 2
6398 4
6399 10
6400 3
6401 4
6402 8
6403 4
6404 2
6405 16
6406 2
6407 4
6408 6
6409 8
6410 4
6411 4
6412 4
6413 6
6414 4
6415 4
6416 2
6417 12
6418 2
6419 6
6420 8
6421 2
6422 6
6423 4
6424 4
6425 6
6426 16
6427 2
6428 2
6429 4
6430 4
6431 4
6432 4
6433 4
6434 2
6435 24
6436 2
6437 4
6438 8
6439 4
6440 8
6441 7
6442 2
6443 4
6444 6
6445 4
6446 4
6447 8
6448 4
6449 2
6450 12
6451 2
6452 2
6453 8
6454 4
6455 4
6456 4
6457 4
6458 2
6459 4
6460 8
6461 8
6462 6
6463 4
6464 2
6465 8
6466 4
6467 4
6468 12
6469 2
6470 4
6471 6
6472 2
6473 2
6474 8
6475 12
6476 2
6477 8
6478 4
6479 8
6480 10
6481 2
6482 4
6483 4
6484 2
6485 4
6486 8
6487 4
6488 2
6489 12
6490 8
6491 2
6492 4
6493 4
6494 4
6495 8
6496 4
6497 4
6498 9
6499 4
6500 8
6501 8
6502 2
6503 4
6504 4
6505 4
6506 2
6507 8
6508 2
6509 4
6510 16
6511 4
6512 4
6513 8
6514 2
6515 4
6516 6
6517 8
6518 2
6519 8
6520 4
6521 2
6522 4
6523 4
6524 4
6525 18
6526 4
6527 4
6528 4
6529 2
6530 4
6531 8
6532 4
6533 4
6534 12
6535 4
6536 4
6537 4
6538 4
6539 4
6540 8
6541 4
6542 2
6543 6
6544 2
6545 16
6546 4
6547 2
6548 2
6549 8
6550 6
6551 2
6552 12
6553 2
6554 4
6555 15
6556 4
6557 4
6558 4
6559 4
6560 4
6561 9
6562 4
6563 2
6564 4
6565 8
6566 6
6567 8
6568 2
6569 2
6570 12
6571 2
6572 4
6573 8
6574 4
6575 6
6576 4
6577 2
6578 8
6579 12
6580 8
6581 2
6582 4
6583 4
6584 2
6585 8
6586 4
6587 4
6588 8
6589 4
6590 4
6591 8
6592 2
6593 4
6594 8
6595 4
6596 4
6597 6
6598 2
6599 2
6600 12
6601 8
6602 2
6603 8
6604 4
6605 4
6606 6
6607 2
6608 4
6609 4
6610 4
6611 4
6612 8
6613 4
6614 2
6615 24
6616 2
6617 4
6618 4
6619 2
6620 4
6621 4
6622 8
6623 4
6624 6
6625 8
6626 2
6627 6
6628 2
6629 4
6630 16
6631 4
6632 2
6633 12
6634 4
6635 4
6636 8
6637 2
6638 2
6639 4
6640 4
6641 4
6642 10
6643 8
6644 4
6645 8
6646 2
6647 6
6648 4
6649 4
6650 12
6651 6
6652 2
6653 2
6654 4
6655 8
6656 2
6657 8
6658 2
6659 2
6660 12
6661 2
6662 2
6663 4
6664 6
6665 8
6666 8
6667 4
6668 2
6669 16
6670 7
6671 4
6672 4
6673 2
6674 4
6675 12
6676 2
6677 4
6678 12
6679 2
6680 4
6681 8
6682 4
6683 4
6684 4
6685 8
6686 2
6687 6
6688 4
6689 2
6690 8
6691 2
6692 4
6693 8
6694 2
6695 8
6696 8
6697 4
6698 4
6699 16
6700 6
6701 2
6702 4
6703 2
6704 2
6705 12
6706 4
6707 4
6708 8
6709 2
6710 8
6711 4
6712 2
6713 6
6714 6
6715 8
6716 4
6717 4
6718 2
6719 2
6720 8
6721 8
6722 2
6723 10
6724 3
6725 6
6726 8
6727 6
6728 3
6729 4
6730 4
6731 4
6732 12
6733 2
6734 8
6735 8
6736 2
6737 2
6738 4
6739 4
6740 4
6741 12
6742 2
6743 4
6744 4
6745 8
6746 2
6747 8
6748 4
6749 4
6750 16
6751 4
6752 2
6753 4
6754 4
6755 8
6756 4
6757 4
6758 4
6759 6
6760 6
6761 2
6762 12
6763 2
6764 4
6765 16
6766 4
6767 4
6768 6
6769 4
6770 4
6771 8
6772 2
6773 4
6774 4
6775 6
6776 6
6777 8
6778 2
6779 2
6780 8
6781 2
6782 2
6783 16
6784 2
6785 8
6786 11
6787 4
6788 2
6789 8
6790 8
6791 2
6792 4
6793 2
6794 4
6795 12
6796 2
6797 4
6798 8
6799 4
6800 6
6801 4
6802 4
6803 2
6804 12
6805 4
6806 4
6807 4
6808 4
6809 4
6810 8
6811 6
6812 4
6813 6
6814 2
6815 8
6816 4
6817 4
6818 4
6819 4
6820 8
6821 4
6822 6
6823 2
6824 2
6825 24
6826 2
6827 2
6828 4
6829 2
6830 4
6831 16
6832 4
6833 2
6834 8
6835 4
6836 2
6837 8
6838 4
6839 4
6840 12
6841 2
6842 4
6843 4
6844 4
6845 6
6846 8
6847 4
6848 2
6849 6
6850 6
6851 8
6852 4
6853 8
6854 4
6855 8
6856 2
6857 2
6858 8
6859 4
6860 8
6861 4
6862 4
6863 2
6864 8
6865 4
6866 2
6867 12
6868 4
6869 2
6870 8
6871 2
6872 2
6873 8
6874 4
6875 10
6876 6
6877 6
6878 4
6879 4
6880 4
6881 4
6882 8
6883 2
6884 2
6885 20
6886 4
6887 4
6888 8
6889 3
6890 8
6891 4
6892 2
6893 4
6894 6
6895 8
6896 2
6897 12
6898 2
6899 2
6900 12
6901 4
6902 8
6903 11
6904 2
6905 4
6906 4
6907 2
6908 4
6909 12
6910 4
6911 2
6912 4
6913 4
6914 2
6915 8
6916 8
6917 2
6918 4
6919 8
6920 4
6921 6
6922 2
6923 8
6924 4
6925 6
6926 2
6927 4
6928 2
6929 6
6930 24
6931 4
6932 2
6933 4
6934 2
6935 8
6936 6
6937 4
6938 2
6939 8
6940 4
6941 4
6942 8
6943 4
6944 4
6945 8
6946 4
6947 2
6948 6
6949 2
6950 6
6951 8
6952 4
6953 4
6954 8
6955 8
6956 4
6957 6
6958 6
6959 2
6960 8
6961 2
6962 3
6963 8
6964 2
6965 8
6966 10
6967 2
6968 4
6969 8
6970 8
6971 2
6972 8
6973 4
6974 4
6975 18
6976 2
6977 2
6978 4
6979 4
6980 4
6981 8
6982 2
6983 2
6984 6
6985 8
6986 4
6987 8
6988 2
6989 4
6990 8
6991 2
6992 4
6993 16
6994 4
6995 4
6996 8
6997 2
6998 2
6999 4
7000 8
7001 2
7002 6
7003 4
7004 4
7005 8
7006 4
7007 12
7008 4
7009 4
7010 4
7011 12
7012 2
7013 2
7014 8
7015 8
7016 2
7017 4
7018 6
7019 2
7020 16
7021 7
7022 2
7023 4
7024 2
7025 6
7026 4
7027 2
7028 4
7029 12
7030 8
7031 4
7032 4
7033 4
7034 2
7035 16
7036 2
7037 4
7038 12
7039 2
7040 4
7041 4
7042 4
7043 2
7044 4
7045 4
7046 4
7047 12
7048 2
7049 8
7050 12
7051 4
7052 4
7053 4
7054 2
7055 8
7056 9
7057 2
7058 2
7059 8
7060 4
7061 4
7062 8
7063 4
7064 2
7065 12
7066 2
7067 4
7068 8
7069 2
7070 8
7071 4
7072 4
7073 4
7074 8
7075 6
7076 4
7077 8
7078 2
7079 2
7080 8
7081 4
7082 2
7083 6
7084 8
7085 8
7086 4
7087 4
7088 2
7089 8
7090 4
7091 4
7092 6
7093 4
7094 2
7095 16
7096 2
7097 4
7098 12
7099 4
7100 6
7101 8
7102 4
7103 2
7104 4
7105 12
7106 8
7107 8
7108 2
7109 2
7110 12
7111 4
7112 4
7113 4
7114 2
7115 4
7116 4
7117 4
7118 2
7119 12
7120 4
7121 2
7122 4
7123 4
7124 4
7125 16
7126 4
7127 2
7128 10
7129 2
7130 8
7131 4
7132 2
7133 4
7134 8
7135 4
7136 2
7137 12
7138 4
7139 6
7140 15
7141 4
7142 2
7143 4
7144 4
7145 4
7146 6
7147 4
7148 2
7149 4
7150 12
7151 2
7152 4
7153 4
7154 6
7155 16
7156 2
7157 4
7158 4
7159 2
7160 4
7161 16
7162 2
7163 8
7164 6
7165 4
7166 2
7167 4
7168 2
7169 4
7170 8
7171 4
7172 4
7173 6
7174 4
7175 12
7176 8
7177 2
7178 4
7179 4
7180 4
7181 4
7182 16
7183 4
7184 2
7185 8
7186 2
7187 2
7188 4
7189 8
7190 4
7191 12
7192 4
7193 2
7194 8
7195 4
7196 4
7197 4
7198 4
7199 4
7200 9
7201 4
7202 4
7203 10
7204 2
7205 8
7206 4
7207 2
7208 4
7209 10
7210 8
7211 2
7212 4
7213 2
7214 2
7215 16
7216 4
7217 4
7218 6
7219 2
7220 6
7221 8
7222 4
7223 4
7224 8
7225 9
7226 2
7227 12
7228 4
7229 2
7230 8
7231 4
7232 2
7233 4
7234 2
7235 4
7236 8
7237 2
7238 8
7239 8
7240 4
7241 4
7242 8
7243 2
7244 2
7245 24
7246 2
7247 2
7248 4
7249 4
7250 8
7251 4
7252 6
7253 2
7254 12
7255 4
7256 2
7257 8
7258 4
7259 8
7260 11
7261 4
7262 2
7263 8
7264 2
7265 4
7266 8
7267 6
7268 4
7269 4
7270 4
7271 4
7272 6
7273 4
7274 2
7275 12
7276 4
7277 4
7278 4
7279 4
7280 8
7281 6
7282 4
7283 2
7284 4
7285 8
7286 2
7287 8
7288 2
7289 4
7290 14
7291 4
7292 2
7293 16
7294 4
7295 4
7296 4
7297 2
7298 4
7299 6
7300 6
7301 6
7302 4
7303 4
7304 4
7305 8
7306 4
7307 2
7308 12
7309 2
7310 8
7311 4
7312 2
7313 4
7314 8
7315 16
7316 4
7317 8
7318 2
7319 4
7320 8
7321 2
7322 4
7323 4
7324 2
7325 6
7326 12
7327 4
7328 2
7329 8
7330 4
7331 2
7332 8
7333 2
7334 4
7335 12
7336 4
7337 8
7338 4
7339 4
7340 4
7341 4
7342 2
7343 4
7344 8
7345 8
7346 2
7347 8
7348 4
7349 2
7350 18
7351 2
7352 2
7353 12
7354 2
7355 4
7356 4
7357 4
7358 4
7359 8
7360 4
7361 4
7362 6
7363 4
7364 4
7365 8
7366 4
7367 4
7368 4
7369 2
7370 8
7371 20
7372 4
7373 4
7374 4
7375 8
7376 2
7377 4
7378 8
7379 4
7380 12
7381 5
7382 2
7383 8
7384 4
7385 8
7386 4
7387 4
7388 2
7389 6
7390 4
7391 4
7392 8
7393 2
7394 2
7395 16
7396 3
7397 4
7398 8
7399 6
7400 6
7401 4
7402 2
7403 4
7404 4
7405 4
7406 6
7407 6
7408 2
7409 4
7410 16
7411 2
7412 4
7413 8
7414 4
7415 4
7416 6
7417 2
7418 2
7419 4
7420 8
7421 4
7422 4
7423 4
7424 2
7425 24
7426 4
7427 4
7428 4
7429 8
7430 4
7431 4
7432 2
7433 2
7434 12
7435 4
7436 6
7437 8
7438 2
7439 4
7440 8
7441 4
7442 3
7443 6
7444 2
7445 4
7446 8
7447 4
7448 6
7449 8
7450 6
7451 2
7452 10
7453 4
7454 2
7455 16
7456 2
7457 2
7458 8
7459 2
7460 4
7461 6
7462 8
7463 4
7464 4
7465 4
7466 2
7467 8
7468 2
7469 8
7470 12
7471 4
7472 2
7473 8
7474 4
7475 12
7476 8
7477 2
7478 2
7479 8
7480 8
7481 2
7482 8
7483 4
7484 2
7485 8
7486 4
7487 2
7488 6
7489 2
7490 8
7491 8
7492 2
7493 4
7494 4
7495 4
7496 2
7497 18
7498 4
7499 2
7500 10
7501 4
7502 6
7503 7
7504 4
7505 8
7506 8
7507 2
7508 2
7509 4
7510 4
7511 8
7512 4
7513 4
7514 6
7515 12
7516 2
7517 2
7518 8
7519 4
7520 4
7521 8
7522 2
7523 2
7524 12
7525 12
7526 4
7527 8
7528 2
7529 2
7530 8
7531 4
7532 4
7533 12
7534 2
7535 8
7536 4
7537 2
7538 2
7539 8
7540 8
7541 2
7542 6
7543 4
7544 4
7545 8
7546 8
7547 2
7548 8
7549 2
7550 6
7551 6
7552 2
7553 8
7554 4
7555 4
7556 2
7557 8
7558 2
7559 2
7560 16
7561 2
7562 4
7563 4
7564 4
7565 8
7566 8
7567 8
7568 4
7569 9
7570 4
7571 4
7572 4
7573 2
7574 4
7575 12
7576 2
7577 2
7578 6
7579 8
7580 4
7581 12
7582 4
7583 2
7584 4
7585 8
7586 2
7587 8
7588 4
7589 2
7590 16
7591 2
7592 4
7593 4
7594 2
7595 12
7596 6
7597 4
7598 4
7599 8
7600 6
7601 4
7602 8
7603 2
7604 2
7605 18
7606 2
7607 2
7608 4
7609 4
7610 4
7611 8
7612 4
7613 4
7614 10
7615 4
7616 4
7617 4
7618 4
7619 4
7620 8
7621 2
7622 4
7623 18
7624 2
7625 8
7626 7
7627 4
7628 2
7629 4
7630 8
7631 4
7632 6
7633 4
7634 4
7635 8
7636 4
7637 4
7638 8
7639 2
7640 4
7641 8
7642 2
7643 2
7644 12
7645 8
7646 2
7647 4
7648 2
7649 2
7650 18
7651 4
7652 2
7653 4
7654 4
7655 4
7656 8
7657 8
7658 4
7659 12
7660 4
7661 4
7662 4
7663 4
7664 2
7665 16
7666 2
7667 8
7668 8
7669 2
7670 8
7671 4
7672 4
7673 2
7674 4
7675 6
7676 4
7677 6
7678 4
7679 4
7680 4
7681 2
7682 4
7683 8
7684 4
7685 8
7686 12
7687 2
7688 3
7689 8
7690 4
7691 2
7692 4
7693 6
7694 2
7695 20
7696 4
7697 4
7698 4
7699 2
7700 12
7701 8
7702 2
7703 2
7704 6
7705 8
7706 2
7707 8
7708 4
7709 4
7710 8
7711 4
7712 2
7713 6
7714 8
7715 4
7716 4
7717 2
7718 4
7719 8
7720 4
7721 4
7722 16
7723 2
7724 2
7725 12
7726 2
7727 2
7728 8
7729 4
7730 4
7731 6
7732 2
7733 8
7734 4
7735 16
7736 2
7737 4
7738 4
7739 4
7740 12
7741 2
7742 6
7743 8
7744 3
7745 4
7746 4
7747 4
7748 4
7749 16
7750 7
7751 4
7752 8
7753 2
7754 2
7755 16
7756 4
7757 2
7758 6
7759 2
7760 4
7761 8
7762 2
7763 4
7764 4
7765 4
7766 4
7767 6
7768 2
7769 4
7770 16
7771 4
7772 4
7773 4
7774 6
7775 6
7776 6
7777 8
7778 2
7779 4
7780 4
7781 4
7782 4
7783 4
7784 4
7785 12
7786 4
7787 4
7788 8
7789 2
7790 8
7791 12
7792 2
7793 2
7794 6
7795 4
7796 2
7797 8
7798 4
7799 4
7800 12
7801 4
7802 4
7803 12
7804 2
7805 8
7806 4
7807 4
7808 2
7809 8
7810 8
7811 4
7812 12
7813 4
7814 2
7815 8
7816 2
7817 2
7818 4
7819 4
7820 8
7821 12
7822 2
7823 2
7824 4
7825 6
7826 8
7827 4
7828 4
7829 2
7830 16
7831 4
7832 4
7833 8
7834 2
7835 4
7836 4
7837 4
7838 2
7839 12
7840 6
7841 2
7842 4
7843 8
7844 4
7845 8
7846 2
7847 8
7848 6
7849 4
7850 6
7851 4
7852 4
7853 2
7854 16
7855 4
7856 2
7857 10
7858 2
7859 4
7860 8
7861 4
7862 2
7863 4
7864 2
7865 12
7866 12
7867 2
7868 4
7869 8
7870 4
7871 4
7872 4
7873 2
7874 4
7875 23
7876 4
7877 2
7878 8
7879 2
7880 4
7881 8
7882 4
7883 2
7884 8
7885 8
7886 2
7887 8
7888 4
7889 8
7890 8
7891 4
7892 2
7893 6
7894 2
7895 4
7896 8
7897 4
7898 4
7899 4
7900 6
7901 2
7902 6
7903 4
7904 4
7905 16
7906 4
7907 2
7908 4
7909 4
7910 8
7911 8
7912 4
7913 4
7914 4
7915 4
7916 2
7917 16
7918 4
7919 2
7920 12
7921 3
7922 4
7923 8
7924 4
7925 6
7926 4
7927 2
7928 2
7929 6
7930 8
7931 8
7932 4
7933 2
7934 2
7935 12
7936 2
7937 2
7938 15
7939 4
7940 4
7941 4
7942 6
7943 6
7944 4
7945 8
7946 4
7947 6
7948 2
7949 2
7950 12
7951 2
7952 4
7953 8
7954 4
7955 8
7956 12
7957 4
7958 4
7959 8
7960 4
7961 4
7962 4
7963 2
7964 4
7965 16
7966 4
7967 4
7968 4
7969 4
7970 4
7971 4
7972 2
7973 8
7974 6
7975 12
7976 2
7977 4
7978 2
7979 4
7980 16
7981 4
7982 4
7983 6
7984 2
7985 4
7986 8
7987 6
7988 2
7989 4
7990 8
7991 4
7992 8
7993 2
7994 4
7995 16
7996 2
7997 4
7998 8
7999 4
8000 4
8001 11
8002 2
8003 4
8004 8
8005 4
8006 2
8007 8
8008 8
8009 2
8010 12
8011 2
8012 2
8013 4
8014 2
8015 8
8016 4
8017 2
8018 4
8019 14
8020 4
8021 4
8022 8
8023 4
8024 4
8025 12
8026 2
8027 4
8028 6
8029 8
8030 8
8031 4
8032 2
8033 4
8034 8
8035 4
8036 6
8037 12
8038 2
8039 2
8040 8
8041 8
8042 2
8043 8
8044 2
8045 4
8046 8
8047 4
8048 2
8049 4
8050 12
8051 4
8052 8
8053 2
8054 2
8055 12
8056 4
8057 4
8058 8
8059 2
8060 8
8061 4
8062 4
8063 4
8064 6
8065 4
8066 4
8067 4
8068 2
8069 2
8070 8
8071 4
8072 2
8073 16
8074 4
8075 12
8076 4
8077 4
8078 4
8079 4
8080 4
8081 2
8082 6
8083 4
8084 4
8085 24
8086 4
8087 2
8088 4
8089 2
8090 4
8091 12
8092 6
8093 2
8094 8
8095 4
8096 4
8097 4
8098 2
8099 8
8100 15
8101 2
8102 2
8103 8
8104 2
8105 4
8106 8
8107 6
8108 2
8109 12
8110 4
8111 2
8112 6
8113 8
8114 2
8115 8
8116 2
8117 2
8118 12
8119 4
8120 8
8121 4
8122 4
8123 2
8124 4
8125 10
8126 4
8127 16
8128 1
8129 4
8130 8
8131 4
8132 4
8133 4
8134 6
8135 4
8136 6
8137 4
8138 4
8139 4
8140 8
8141 4
8142 8
8143 4
8144 2
8145 12
8146 2
8147 2
8148 8
8149 4
8150 6
8151 16
8152 2
8153 4
8154 8
8155 8
8156 2
8157 4
8158 2
8159 4
8160 8
8161 2
8162 8
8163 6
8164 4
8165 8
8166 4
8167 2
8168 2
8169 8
8170 8
8171 2
8172 6
8173 4
8174 4
8175 12
8176 4
8177 8
8178 8
8179 2
8180 4
8181 10
8182 2
8183 6
8184 8
8185 4
8186 2
8187 4
8188 4
8189 4
8190 24
8191 2
8192 1
8193 4
8194 4
8195 8
8196 4
8197 4
8198 2
8199 6
8200 6
8201 4
8202 4
8203 4
8204 4
8205 8
8206 4
8207 4
8208 8
8209 2
8210 4
8211 16
8212 2
8213 4
8214 6
8215 8
8216 4
8217 12
8218 4
8219 2
8220 8
8221 2
8222 2
8223 4
8224 2
8225 12
8226 6
8227 4
8228 6
8229 8
8230 4
8231 2
8232 8
8233 2
8234 4
8235 16
8236 4
8237 2
8238 4
8239 8
8240 4
8241 8
8242 4
8243 2
8244 6
8245 8
8246 8
8247 4
8248 2
8249 4
8250 16
8251 4
8252 2
8253 12
8254 2
8255 8
8256 3
8257 4
8258 2
8259 4
8260 8
8261 4
8262 12
8263 2
8264 2
8265 16
8266 2
8267 4
8268 8
8269 2
8270 4
8271 6
8272 4
8273 2
8274 8
8275 6
8276 2
8277 8
8278 2
8279 4
8280 12
8281 9
8282 4
8283 8
8284 4
8285 4
8286 4
8287 2
8288 4
8289 8
8290 4
8291 2
8292 4
8293 2
8294 8
8295 16
8296 4
8297 2
8298 6
8299 4
8300 6
8301 4
8302 4
8303 6
8304 4
8305 8
8306 2
8307 12
8308 4
8309 4
8310 8
8311 2
8312 2
8313 8
8314 2
8315 4
8316 16
8317 2
8318 2
8319 8
8320 4
8321 4
8322 8
8323 8
8324 2
8325 18
8326 4
8327 4
8328 4
8329 2
8330 12
8331 4
8332 2
8333 4
8334 6
8335 4
8336 2
8337 8
8338 4
8339 4
8340 8
8341 4
8342 4
8343 10
8344 4
8345 4
8346 8
8347 4
8348 2
8349 12
8350 6
8351 4
8352 6
8353 2
8354 2
8355 8
8356 2
8357 4
8358 8
8359 4
8360 8
8361 6
8362 4
8363 2
8364 8
8365 8
8366 4
8367 4
8368 2
8369 2
8370 16
8371 4
8372 8
8373 4
8374 4
8375 8
8376 4
8377 2
8378 4
8379 18
8380 4
8381 6
8382 8
8383 4
8384 2
8385 15
8386 4
8387 2
8388 6
8389 2
8390 4
8391 4
8392 2
8393 8
8394 4
8395 8
8396 2
8397 8
8398 8
8399 4
8400 12
8401 4
8402 2
8403 4
8404 4
8405 6
8406 6
8407 4
8408 2
8409 4
8410 6
8411 4
8412 4
8413 4
8414 4
8415 24
8416 2
8417 4
8418 8
8419 2
8420 4
8421 8
8422 2
8423 2
8424 10
8425 6
8426 4
8427 6
8428 6
8429 2
8430 8
8431 2
8432 4
8433 6
8434 2
8435 8
8436 8
8437 8
8438 2
8439 8
8440 4
8441 4
8442 12
8443 2
8444 2
8445 8
8446 4
8447 2
8448 4
8449 8
8450 9
8451 8
8452 2
8453 4
8454 4
8455 8
8456 4
8457 4
8458 2
8459 4
8460 12
8461 2
8462 2
8463 16
8464 3
8465 4
8466 8
8467 2
8468 4
8469 6
8470 12
8471 4
8472 4
8473 4
8474 4
8475 12
8476 4
8477 6
8478 8
8479 4
8480 4
8481 8
8482 2
8483 4
8484 8
8485 4
8486 2
8487 12
8488 2
8489 4
8490 8
8491 4
8492 4
8493 8
8494 4
8495 4
8496 6
8497 4
8498 4
8499 4
8500 8
8501 2
8502 8
8503 4
8504 2
8505 24
8506 2
8507 4
8508 4
8509 4
8510 8
8511 4
8512 4
8513 2
8514 12
8515 7
8516 2
8517 8
8518 2
8519 4
8520 8
8521 2
8522 2
8523 6
8524 2
8525 12
8526 12
8527 2
8528 4
8529 4
8530 4
8531 4
8532 8
8533 8
8534 4
8535 8
8536 4
8537 2
8538 4
8539 2
8540 8
8541 12
8542 2
8543 2
8544 4
8545 4
8546 2
8547 16
8548 2
8549 4
8550 18
8551 4
8552 2
8553 4
8554 8
8555 8
8556 8
8557 4
8558 4
8559 8
8560 4
8561 4
8562 4
8563 2
8564 2
8565 8
8566 2
8567 4
8568 12
8569 8
8570 4
8571 4
8572 2
8573 2
8574 4
8575 12
8576 2
8577 6
8578 2
8579 4
8580 16
8581 2
8582 4
8583 4
8584 4
8585 8
8586 10
8587 4
8588 4
8589 8
8590 4
8591 6
8592 4
8593 4
8594 2
8595 12
8596 4
8597 2
8598 4
8599 2
8600 6
8601 8
8602 8
8603 4
8604 6
8605 4
8606 4
8607 8
8608 2
8609 2
8610 16
8611 4
8612 2
8613 16
8614 4
8615 4
8616 4
8617 4
8618 4
8619 12
8620 4
8621 4
8622 6
8623 2
8624 6
8625 16
8626 4
8627 2
8628 4
8629 2
8630 4
8631 12
8632 4
8633 4
8634 4
8635 8
8636 4
8637 4
8638 4
8639 4
8640 8
8641 2
8642 4
8643 8
8644 2
8645 16
8646 7
8647 2
8648 4
8649 9
8650 6
8651 4
8652 8
8653 4
8654 2
8655 8
8656 2
8657 4
8658 12
8659 4
8660 4
8661 4
8662 4
8663 2
8664 6
8665 4
8666 4
8667 10
8668 4
8669 2
8670 12
8671 8
8672 2
8673 12
8674 2
8675 6
8676 6
8677 2
8678 2
8679 8
8680 8
8681 2
8682 4
8683 4
8684 4
8685 12
8686 4
8687 8
8688 4
8689 2
8690 8
8691 4
8692 4
8693 2
8694 16
8695 8
8696 2
8697 8
8698 2
8699 2
8700 12
8701 8
8702 4
8703 6
8704 2
8705 4
8706 4
8707 2
8708 4
8709 4
8710 8
8711 4
8712 9
8713 2
8714 2
8715 16
8716 2
8717 4
8718 4
8719 2
8720 4
8721 16
8722 6
8723 8
8724 4
8725 6
8726 2
8727 4
8728 2
8729 8
8730 12
8731 2
8732 4
8733 8
8734 4
8735 4
8736 8
8737 2
8738 4
8739 6
8740 8
8741 2
8742 8
8743 4
8744 2
8745 16
8746 2
8747 2
8748 8
8749 4
8750 10
8751 4
8752 2
8753 2
8754 4
8755 8
8756 4
8757 12
8758 4
8759 4
8760 8
8761 2
8762 4
8763 8
8764 4
8765 4
8766 6
8767 4
8768 2
8769 8
8770 4
8771 6
8772 8
8773 4
8774 4
8775 24
8776 2
8777 4
8778 15
8779 2
8780 4
8781 4
8782 2
8783 2
8784 6
8785 8
8786 4
8787 8
8788 4
8789 8
8790 8
8791 4
8792 4
8793 6
8794 2
8795 4
8796 4
8797 4
8798 4
8799 8
8800 6
8801 4
8802 8
8803 2
8804 4
8805 8
8806 8
8807 2
8808 4
8809 4
8810 4
8811 12
8812 2
8813 4
8814 8
8815 8
8816 4
8817 4
8818 2
8819 2
8820 18
8821 2
8822 4
8823 8
8824 2
8825 6
8826 4
8827 8
8828 2
8829 10
8830 4
8831 2
8832 4
8833 6
8834 4
8835 16
8836 3
8837 2
8838 6
8839 2
8840 8
8841 8
8842 2
8843 4
8844 8
8845 8
8846 2
8847 6
8848 4
8849 2
8850 12
8851 4
8852 2
8853 8
8854 4
8855 16
8856 8
8857 4
8858 4
8859 4
8860 4
8861 2
8862 8
8863 2
8864 2
8865 12
8866 8
8867 2
8868 4
8869 6
8870 4
8871 4
8872 2
8873 4
8874 12
8875 8
8876 4
8877 8
8878 4
8879 4
8880 8
8881 4
8882 2
8883 16
8884 2
8885 4
8886 4
8887 2
8888 4
8889 4
8890 8
8891 4
8892 12
8893 2
8894 2
8895 8
8896 2
8897 8
8898 4
8899 4
8900 6
8901 12
8902 2
8903 4
8904 8
8905 8
8906 4
8907 4
8908 4
8909 4
8910 20
8911 7
8912 2
8913 4
8914 2
8915 4
8916 4
8917 4
8918 8
8919 6
8920 4
8921 4
8922 4
8923 2
8924 4
8925 24
8926 2
8927 4
8928 6
8929 2
8930 8
8931 8
8932 8
8933 2
8934 4
8935 4
8936 2
8937 8
8938 4
8939 4
8940 8
8941 2
8942 4
8943 8
8944 4
8945 4
8946 12
8947 4
8948 2
8949 8
8950 6
8951 2
8952 4
8953 4
8954 6
8955 12
8956 2
8957 6
8958 4
8959 6
8960 4
8961 8
8962 2
8963 2
8964 8
8965 8
8966 2
8967 12
8968 4
8969 2
8970 16
8971 2
8972 2
8973 6
8974 4
8975 6
8976 8
8977 4
8978 3
8979 8
8980 4
8981 4
8982 6
8983 4
8984 2
8985 8
8986 2
8987 8
8988 8
8989 4
8990 8
8991 12
8992 2
8993 6
8994 4
8995 8
8996 4
8997 4
8998 4
8999 2
9000 12
9001 2
9002 4
9003 4
9004 2
9005 4
9006 8
9007 2
9008 2
9009 24
9010 8
9011 2
9012 4
9013 2
9014 2
9015 8
9016 6
9017 4
9018 8
9019 4
9020 8
9021 8
9022 4
9023 4
9024 4
9025 9
9026 2
9027 12
9028 4
9029 2
9030 16
9031 4
9032 2
9033 4
9034 2
9035 8
9036 6
9037 4
9038 2
9039 8
9040 4
9041 2
9042 8
9043 2
9044 8
9045 15
9046 2
9047 4
9048 8
9049 2
9050 6
9051 8
9052 4
9053 4
9054 6
9055 4
9056 2
9057 4
9058 4
9059 2
9060 8
9061 8
9062 4
9063 12
9064 4
9065 12
9066 4
9067 2
9068 2
9069 4
9070 4
9071 4
9072 10
9073 4
9074 4
9075 18
9076 2
9077 4
9078 8
9079 4
9080 4
9081 6
9082 4
9083 4
9084 4
9085 8
9086 8
9087 8
9088 2
9089 4
9090 12
9091 2
9092 2
9093 8
9094 2
9095 8
9096 4
9097 4
9098 2
9099 8
9100 12
9101 4
9102 8
9103 2
9104 2
9105 8
9106 4
9107 4
9108 12
9109 2
9110 4
9111 4
9112 4
9113 4
9114 12
9115 4
9116 4
9117 6
9118 4
9119 4
9120 8
9121 4
9122 2
9123 4
9124 2
9125 8
9126 12
9127 2
9128 4
9129 8
9130 8
9131 4
9132 4
9133 2
9134 2
9135 24
9136 2
9137 2
9138 4
9139 8
9140 4
9141 8
9142 4
9143 4
9144 6
9145 8
9146 4
9147 4
9148 2
9149 4
9150 12
9151 2
9152 4
9153 10
9154 4
9155 4
9156 8
9157 2
9158 4
9159 8
9160 4
9161 2
9162 6
9163 12
9164 4
9165 16
9166 2
9167 4
9168 4
9169 4
9170 8
9171 6
9172 2
9173 2
9174 8
9175 6
9176 4
9177 16
9178 4
9179 4
9180 15
9181 2
9182 2
9183 4
9184 4
9185 8
9186 4
9187 2
9188 2
9189 6
9190 4
9191 8
9192 4
9193 4
9194 2
9195 8
9196 6
9197 4
9198 12
9199 2
9200 6
9201 4
9202 4
9203 2
9204 8
9205 8
9206 2
9207 16
9208 2
9209 2
9210 8
9211 4
9212 6
9213 8
9214 4
9215 8
9216 3
9217 4
9218 4
9219 8
9220 4
9221 2
9222 8
9223 4
9224 2
9225 18
9226 4
9227 2
9228 4
9229 4
9230 8
9231 8
9232 2
9233 4
9234 12
9235 4
9236 2
9237 4
9238 4
9239 2
9240 16
9241 2
9242 2
9243 12
9244 2
9245 6
9246 8
9247 4
9248 3
9249 4
9250 8
9251 6
9252 6
9253 4
9254 4
9255 8
9256 4
9257 2
9258 4
9259 4
9260 4
9261 16
9262 4
9263 4
9264 4
9265 8
9266 4
9267 4
9268 4
9269 8
9270 12
9271 4
9272 4
9273 8
9274 2
9275 12
9276 4
9277 2
9278 2
9279 6
9280 4
9281 2
9282 16
9283 2
9284 4
9285 8
9286 2
9287 4
9288 8
9289 4
9290 4
9291 8
9292 4
9293 2
9294 4
9295 12
9296 4
9297 6
9298 2
9299 4
9300 12
9301 4
9302 2
9303 8
9304 2
9305 4
9306 12
9307 4
9308 4
9309 8
9310 12
9311 2
9312 4
9313 4
9314 2
9315 20
9316 3
9317 8
9318 4
9319 2
9320 4
9321 8
9322 4
9323 2
9324 12
9325 6
9326 2
9327 4
9328 4
9329 4
9330 8
9331 8
9332 2
9333 12
9334 4
9335 4
9336 4
9337 2
9338 8
9339 8
9340 4
9341 2
9342 8
9343 2
9344 2
9345 16
9346 2
9347 4
9348 8
9349 2
9350 12
9351 6
9352 4
9353 4
9354 4
9355 4
9356 2
9357 4
9358 2
9359 6
9360 12
9361 8
9362 4
9363 4
9364 2
9365 4
9366 8
9367 8
9368 2
9369 8
9370 4
9371 2
9372 8
9373 8
9374 4
9375 12
9376 2
9377 2
9378 6
9379 4
9380 8
9381 8
9382 2
9383 4
9384 8
9385 4
9386 6
9387 12
9388 2
9389 4
9390 8
9391 2
9392 2
9393 8
9394 8
9395 4
9396 10
9397 2
9398 4
9399 8
9400 6
9401 8
9402 4
9403 2
9404 2
9405 24
9406 2
9407 4
9408 6
9409 3
9410 4
9411 4
9412 4
9413 2
9414 6
9415 8
9416 4
9417 8
9418 4
9419 2
9420 8
9421 2
9422 4
9423 8
9424 4
9425 12
9426 4
9427 4
9428 2
9429 8
9430 8
9431 2
9432 6
9433 2
9434 4
9435 16
9436 4
9437 2
9438 12
9439 2
9440 4
9441 6
9442 2
9443 8
9444 4
9445 4
9446 2
9447 8
9448 2
9449 4
9450 24
9451 4
9452 4
9453 7
9454 4
9455 8
9456 4
9457 6
9458 2
9459 6
9460 8
9461 2
9462 8
9463 2
9464 6
9465 8
9466 2
9467 2
9468 6
9469 4
9470 4
9471 16
9472 2
9473 2
9474 4
9475 6
9476 4
9477 14
9478 4
9479 2
9480 8
9481 4
9482 4
9483 8
9484 2
9485 8
9486 12
9487 4
9488 2
9489 4
9490 8
9491 2
9492 8
9493 4
9494 4
9495 12
9496 2
9497 2
9498 4
9499 8
9500 8
9501 4
9502 2
9503 8
9504 8
9505 4
9506 6
9507 4
9508 2
9509 4
9510 8
9511 2
9512 4
9513 12
9514 4
9515 8
9516 8
9517 4
9518 2
9519 8
9520 8
9521 2
9522 9
9523 4
9524 2
9525 12
9526 4
9527 4
9528 4
9529 4
9530 4
9531 8
9532 2
9533 2
9534 8
9535 4
9536 2
9537 12
9538 4
9539 2
9540 12
9541 8
9542 4
9543 4
9544 2
9545 8
9546 8
9547 2
9548 8
9549 6
9550 6
9551 2
9552 4
9553 4
9554 4
9555 24
9556 2
9557 4
9558 10
9559 6
9560 4
9561 4
9562 4
9563 4
9564 4
9565 4
9566 2
9567 6
9568 4
9569 4
9570 16
9571 4
9572 2
9573 4
9574 2
9575 6
9576 12
9577 4
9578 2
9579 8
9580 4
9581 8
9582 4
9583 6
9584 2
9585 16
9586 2
9587 2
9588 8
9589 4
9590 8
9591 7
9592 4
9593 4
9594 12
9595 8
9596 2
9597 8
9598 2
9599 4
9600 6
9601 2
9602 2
9603 12
9604 5
9605 8
9606 4
9607 4
9608 2
9609 4
9610 6
9611 4
9612 8
9613 2
9614 8
9615 8
9616 2
9617 4
9618 8
9619 2
9620 8
9621 6
9622 4
9623 2
9624 4
9625 16
9626 2
9627 4
9628 4
9629 2
9630 12
9631 2
9632 4
9633 12
9634 2
9635 8
9636 8
9637 4
9638 4
9639 20
9640 4
9641 4
9642 4
9643 2
9644 2
9645 8
9646 8
9647 4
9648 6
9649 2
9650 6
9651 4
9652 4
9653 6
9654 4
9655 4
9656 4
9657 12
9658 4
9659 4
9660 16
9661 2
9662 2
9663 4
9664 2
9665 4
9666 8
9667 4
9668 2
9669 8
9670 4
9671 4
9672 8
9673 4
9674 4
9675 18
9676 4
9677 2
9678 4
9679 2
9680 6
9681 8
9682 4
9683 4
9684 6
9685 8
9686 4
9687 4
9688 4
9689 2
9690 16
9691 4
9692 2
9693 8
9694 4
9695 8
9696 4
9697 2
9698 4
9699 8
9700 6
9701 4
9702 18
9703 4
9704 2
9705 8
9706 4
9707 4
9708 4
9709 8
9710 4
9711 12
9712 2
9713 4
9714 4
9715 8
9716 4
9717 8
9718 4
9719 2
9720 12
9721 2
9722 2
9723 8
9724 8
9725 6
9726 4
9727 4
9728 2
9729 12
9730 7
9731 4
9732 4
9733 2
9734 4
9735 16
9736 2
9737 8
9738 6
9739 2
9740 4
9741 8
9742 2
9743 2
9744 8
9745 4
9746 4
9747 12
9748 2
9749 2
9750 16
9751 6
9752 4
9753 4
9754 2
9755 4
9756 6
9757 4
9758 8
9759 4
9760 4
9761 4
9762 4
9763 4
9764 2
9765 24
9766 4
9767 2
9768 8
9769 2
9770 4
9771 4
9772 4
9773 4
9774 8
9775 12
9776 4
9777 4
9778 2
9779 8
9780 8
9781 2
9782 4
9783 6
9784 2
9785 8
9786 8
9787 2
9788 2
9789 8
9790 8
9791 2
9792 6
9793 4
9794 4
9795 8
9796 4
9797 4
9798 8
9799 4
9800 9
9801 15
9802 6
9803 2
9804 8
9805 8
9806 2
9807 8
9808 2
9809 4
9810 12
9811 2
9812 4
9813 4
9814 4
9815 8
9816 4
9817 2
9818 2
9819 6
9820 4
9821 8
9822 4
9823 8
9824 2
9825 12
9826 4
9827 4
9828 16
9829 2
9830 4
9831 8
9832 2
9833 2
9834 8
9835 8
9836 2
9837 6
9838 2
9839 2
9840 8
9841 4
9842 8
9843 8
9844 4
9845 8
9846 6
9847 4
9848 2
9849 12
9850 6
9851 2
9852 4
9853 4
9854 4
9855 16
9856 4
9857 2
9858 8
9859 2
9860 8
9861 8
9862 2
9863 4
9864 6
9865 4
9866 2
9867 16
9868 2
9869 4
9870 15
9871 2
9872 2
9873 6
9874 2
9875 8
9876 4
9877 8
9878 4
9879 8
9880 8
9881 4
9882 10
9883 2
9884 4
9885 8
9886 2
9887 2
9888 4
9889 8
9890 8
9891 12
9892 2
9893 4
9894 8
9895 4
9896 2
9897 4
9898 6
9899 4
9900 18
9901 2
9902 2
9903 4
9904 2
9905 8
9906 8
9907 2
9908 2
9909 8
9910 4
9911 8
9912 8
9913 4
9914 2
9915 8
9916 4
9917 4
9918 12
9919 8
9920 4
9921 4
9922 6
9923 2
9924 4
9925 6
9926 4
9927 6
9928 4
9929 2
9930 8
9931 2
9932 4
9933 16
9934 2
9935 4
9936 8
9937 4
9938 2
9939 4
9940 8
9941 2
9942 4
9943 4
9944 4
9945 24
9946 2
9947 8
9948 4
9949 2
9950 6
9951 8
9952 2
9953 4
9954 12
9955 8
9956 4
9957 4
9958 4
9959 4
9960 8
9961 4
9962 4
9963 12
9964 4
9965 4
9966 8
9967 2
9968 4
9969 4
9970 4
9971 6
9972 6
9973 2
9974 2
9975 24
9976 4
9977 4
9978 4
9979 4
9980 4
9981 6
9982 8
9983 4
9984 4
9985 4
9986 2
9987 4
9988 4
9989 4
9990 16
9991 4
9992 2
9993 4
9994 4
9995 4
9996 12
9997 4
9998 2
9999 12
10000 5
10001 4
10002 4
10003 4
10004 4
10005 16
10006 2
10007 2
10008 6
10009 2
10010 16
10011 7
10012 2
10013 8
10014 4
10015 4
10016 2
10017 16
10018 2
10019 4
10020 8
10021 4
10022 2
10023 8
10024 4
10025 6
10026 6
10027 4
10028 4
10029 4
10030 8
10031 4
10032 8
10033 4
10034 4
10035 12
10036 4
10037 2
10038 8
10039 2
10040 4
10041 4
10042 2
10043 6
10044 10
10045 12
10046 2
10047 8
10048 2
10049 4
10050 12
10051 6
10052 4
10053 6
10054 4
10055 4
10056 4
10057 4
10058 4
10059 8
10060 4
10061 2
10062 12
10063 4
10064 4
10065 16
10066 4
10067 2
10068 4
10069 2
10070 8
10071 8
10072 2
10073 4
10074 8
10075 12
10076 4
10077 4
10078 2
10079 2
10080 12
10081 4
10082 3
10083 4
10084 2
10085 4
10086 6
10087 8
10088 4
10089 12
10090 4
10091 2
10092 6
10093 2
10094 6
10095 8
10096 2
10097 4
10098 16
10099 2
10100 6
10101 16
10102 2
10103 2
10104 4
10105 8
10106 4
10107 6
10108 6
10109 4
10110 8
10111 2
10112 2
10113 4
10114 4
10115 12
10116 6
10117 4
10118 2
10119 4
10120 8
10121 4
10122 8
10123 4
10124 2
10125 20
10126 4
10127 8
10128 4
10129 4
10130 4
10131 8
10132 4
10133 2
10134 6
10135 4
10136 4
10137 8
10138 4
10139 2
10140 12
10141 2
10142 4
10143 18
10144 2
10145 4
10146 8
10147 4
10148 4
10149 8
10150 12
10151 2
10152 8
10153 7
10154 2
10155 8
10156 2
10157 4
10158 4
10159 2
10160 4
10161 6
10162 2
10163 2
10164 12
10165 8
10166 8
10167 4
10168 4
10169 2
10170 12
10171 4
10172 2
10173 4
10174 2
10175 12
10176 4
10177 2
10178 4
10179 16
10180 4
10181 2
10182 4
10183 4
10184 4
10185 16
10186 4
10187 4
10188 6
10189 4
10190 4
10191 8
10192 6
10193 2
10194 4
10195 4
10196 2
10197 12
10198 2
10199 8
10200 12
10201 3
10202 2
10203 8
10204 2
10205 8
10206 14
10207 4
10208 4
10209 8
10210 4
10211 2
10212 8
10213 4
10214 2
10215 12
10216 2
10217 4
10218 8
10219 4
10220 8
10221 4
10222 4
10223 2
10224 6
10225 6
10226 2
10227 8
10228 2
10229 4
10230 16
10231 4
10232 2
10233 8
10234 8
10235 8
10236 4
10237 4
10238 2
10239 4
10240 2
10241 12
10242 6
10243 2
10244 4
10245 8
10246 4
10247 2
10248 8
10249 4
10250 8
10251 12
10252 4
10253 2
10254 4
10255 8
10256 2
10257 8
10258 4
10259 2
10260 16
10261 4
10262 4
10263 8
10264 2
10265 4
10266 8
10267 2
10268 4
10269 12
10270 8
10271 2
10272 4
10273 2
10274 4
10275 12
10276 4
10277 4
10278 6
10279 4
10280 4
10281 8
10282 4
10283 8
10284 4
10285 12
10286 4
10287 10
10288 2
10289 2
10290 16
10291 4
10292 4
10293 8
10294 2
10295 8
10296 11
10297 4
10298 4
10299 4
10300 6
10301 2
10302 8
10303 2
10304 4
10305 12
10306 2
10307 4
10308 4
10309 6
10310 4
10311 8
10312 2
10313 2
10314 8
10315 4
10316 2
10317 8
10318 8
10319 4
10320 8
10321 2
10322 4
10323 12
10324 4
10325 12
10326 4
10327 4
10328 2
10329 8
10330 4
10331 2
10332 12
10333 2
10334 2
10335 16
10336 4
10337 2
10338 4
10339 6
10340 8
10341 8
10342 2
10343 2
10344 4
10345 4
10346 4
10347 4
10348 4
10349 4
10350 18
10351 4
10352 2
10353 16
10354 4
10355 8
10356 4
10357 2
10358 2
10359 6
10360 8
10361 4
10362 8
10363 4
10364 2
10365 8
10366 4
10367 4
10368 5
10369 2
10370 8
10371 4
10372 2
10373 8
10374 16
10375 8
10376 2
10377 6
10378 2
10379 4
10380 8
10381 4
10382 4
10383 4
10384 4
10385 8
10386 6
10387 8
10388 6
10389 4
10390 4
10391 2
10392 4
10393 4
10394 2
10395 32
10396 4
10397 4
10398 4
10399 2
10400 6
10401 4
10402 4
10403 4
10404 9
10405 4
10406 6
10407 4
10408 2
10409 4
10410 8
10411 4
10412 4
10413 12
10414 4
10415 4
10416 8
10417 4
10418 2
10419 8
10420 4
10421 4
10422 8
10423 4
10424 2
10425 12
10426 4
10427 2
10428 8
10429 2
10430 8
10431 12
10432 2
10433 2
10434 8
10435 4
10436 2
10437 12
10438 4
10439 8
10440 11
10441 4
10442 4
10443 6
10444 4
10445 4
10446 4
10447 4
10448 2
10449 12
10450 12
10451 4
10452 8
10453 2
10454 2
10455 16
10456 2
10457 2
10458 12
10459 2
10460 4
10461 8
10462 2
10463 2
10464 4
10465 16
10466 2
10467 6
10468 2
10469 6
10470 8
10471 4
10472 8
10473 4
10474 2
10475 6
10476 8
10477 2
10478 6
10479 8
10480 4
10481 4
10482 4
10483 4
10484 2
10485 12
10486 6
10487 2
10488 8
10489 4
10490 4
10491 8
10492 4
10493 4
10494 12
10495 4
10496 2
10497 4
10498 4
10499 2
10500 16
10501 2
10502 4
10503 8
10504 4
10505 8
10506 8
10507 8
10508 4
10509 8
10510 4
10511 4
10512 6
10513 2
10514 4
10515 8
10516 4
10517 4
10518 4
10519 4
10520 4
10521 12
10522 2
10523 4
10524 4
10525 6
10526 4
10527 12
10528 4
10529 2
10530 20
10531 2
10532 2
10533 4
10534 4
10535 12
10536 4
10537 4
10538 4
10539 6
10540 8
10541 4
10542 8
10543 4
10544 2
10545 16
10546 2
10547 4
10548 6
10549 8
10550 6
10551 4
10552 2
10553 4
10554 4
10555 4
10556 8
10557 16
10558 2
10559 2
10560 8
10561 4
10562 2
10563 8
10564 4
10565 4
10566 6
10567 2
10568 2
10569 8
10570 8
10571 6
10572 4
10573 4
10574 4
10575 18
10576 2
10577 4
10578 8
10579 4
10580 6
10581 4
10582 8
10583 4
10584 12
10585 7
10586 4
10587 4
10588 2
10589 2
10590 8
10591 8
10592 2
10593 12
10594 2
10595 8
10596 4
10597 2
10598 4
10599 4
10600 6
10601 2
10602 12
10603 4
10604 4
10605 16
10606 2
10607 2
10608 8
10609 3
10610 4
10611 10
10612 4
10613 2
10614 8
10615 8
10616 2
10617 4
10618 2
10619 8
10620 12
10621 8
10622 4
10623 4
10624 2
10625 10
10626 16
10627 2
10628 2
10629 6
10630 4
10631 2
10632 4
10633 8
10634 4
10635 8
10636 2
10637 4
10638 8
10639 2
10640 8
10641 4
10642 4
10643 4
10644 4
10645 4
10646 2
10647 18
10648 4
10649 4
10650 12
10651 2
10652 2
10653 8
10654 4
10655 4
10656 6
10657 2
10658 3
10659 16
10660 8
10661 4
10662 4
10663 2
10664 4
10665 16
10666 2
10667 2
10668 8
10669 4
10670 8
10671 4
10672 4
10673 4
10674 6
10675 12
10676 4
10677 4
10678 4
10679 4
10680 8
10681 4
10682 6
10683 6
10684 2
10685 4
10686 8
10687 2
10688 2
10689 8
10690 4
10691 2
10692 12
10693 6
10694 2
10695 16
10696 4
10697 4
10698 4
10699 4
10700 6
10701 12
10702 2
10703 8
10704 4
10705 4
10706 4
10707 8
10708 2
10709 2
10710 24
10711 2
10712 4
10713 4
10714 4
10715 4
10716 8
10717 4
10718 4
10719 8
10720 4
10721 4
10722 4
10723 2
10724 4
10725 24
10726 4
10727 4
10728 6
10729 2
10730 8
10731 11
10732 2
10733 2
10734 4
10735 8
10736 4
10737 6
10738 8
10739 2
10740 8
10741 4
10742 4
10743 4
10744 4
10745 8
10746 8
10747 4
10748 2
10749 4
10750 8
10751 4
10752 4
10753 2
10754 4
10755 12
10756 2
10757 4
10758 8
10759 8
10760 4
10761 8
10762 2
10763 4
10764 12
10765 4
10766 4
10767 8
10768 2
10769 6
10770 8
10771 2
10772 2
10773 20
10774 2
10775 6
10776 4
10777 4
10778 4
10779 4
10780 12
10781 2
10782 6
10783 4
10784 2
10785 8
10786 2
10787 8
10788 8
10789 2
10790 8
10791 12
10792 4
10793 4
10794 8
10795 8
10796 2
10797 8
10798 2
10799 2
10800 12
10801 4
10802 4
10803 8
10804 4
10805 4
10806 4
10807 4
10808 4
10809 6
10810 8
10811 4
10812 8
10813 4
10814 2
10815 16
10816 3
10817 4
10818 6
10819 4
10820 4
10821 4
10822 4
10823 4
10824 8
10825 6
10826 2
10827 8
10828 2
10829 12
10830 12
10831 2
10832 2
10833 8
10834 2
10835 8
10836 12
10837 2
10838 2
10839 4
10840 4
10841 4
10842 8
10843 4
10844 2
10845 12
10846 8
10847 2
10848 4
10849 4
10850 12
10851 4
10852 2
10853 2
10854 10
10855 8
10856 4
10857 16
10858 4
10859 2
10860 8
10861 2
10862 2
10863 12
10864 4
10865 8
10866 4
10867 2
10868 8
10869 4
10870 4
10871 4
10872 6
10873 4
10874 2
10875 16
10876 2
10877 4
10878 11
10879 8
10880 4
10881 16
10882 2
10883 2
10884 4
10885 8
10886 2
10887 8
10888 2
10889 2
10890 18
10891 2
10892 4
10893 4
10894 4
10895 4
10896 4
10897 4
10898 2
10899 12
10900 6
10901 4
10902 8
10903 2
10904 4
10905 8
10906 8
10907 4
10908 8
10909 2
10910 4
10911 4
10912 4
10913 4
10914 8
10915 8
10916 2
10917 6
10918 4
10919 4
10920 16
10921 4
10922 4
10923 8
10924 2
10925 12
10926 6
10927 6
10928 2
10929 4
10930 4
10931 4
10932 4
10933 6
10934 8
10935 16
10936 2
10937 2
10938 4
10939 2
10940 4
10941 8
10942 2
10943 4
10944 6
10945 8
10946 4
10947 8
10948 8
10949 2
10950 12
10951 4
10952 3
10953 6
10954 2
10955 8
10956 8
10957 2
10958 2
10959 8
10960 4
10961 4
10962 16
10963 4
10964 2
10965 16
10966 2
10967 4
10968 4
10969 4
10970 4
10971 12
10972 4
10973 2
10974 8
10975 6
10976 4
10977 4
10978 4
10979 2
10980 12
10981 4
10982 6
10983 8
10984 2
10985 8
10986 4
10987 2
10988 4
10989 16
10990 8
10991 4
10992 4
10993 2
10994 4
10995 8
10996 2
10997 4
10998 12
10999 4
11000 8
11001 8
11002 2
11003 2
11004 8
11005 8
11006 2
11007 6
11008 2
11009 4
11010 8
11011 12
11012 2
11013 4
11014 2
11015 4
11016 10
11017 4
11018 4
11019 4
11020 8
11021 4
11022 8
11023 4
11024 4
11025 27
11026 3
11027 2
11028 4
11029 4
11030 4
11031 4
11032 4
11033 8
11034 6
11035 4
11036 4
11037 8
11038 2
11039 8
11040 8
11041 4
11042 2
11043 8
11044 4
11045 6
11046 8
11047 2
11048 2
11049 8
11050 12
11051 4
11052 6
11053 4
11054 2
11055 16
11056 2
11057 2
11058 8
11059 2
11060 8
11061 6
11062 2
11063 8
11064 4
11065 4
11066 4
11067 16
11068 2
11069 2
11070 16
11071 2
11072 2
11073 4
11074 6
11075 6
11076 8
11077 8
11078 4
11079 6
11080 4
11081 4
11082 4
11083 2
11084 4
11085 8
11086 4
11087 2
11088 12
11089 4
11090 4
11091 4
11092 4
11093 2
11094 6
11095 8
11096 4
11097 10
11098 4
11099 4
11100 12
11101 4
11102 8
11103 4
11104 2
11105 4
11106 6
11107 4
11108 2
11109 12
11110 8
11111 4
11112 4
11113 2
11114 2
11115 24
11116 4
11117 2
11118 8
11119 2
11120 4
11121 8
11122 4
11123 6
11124 8
11125 8
11126 2
11127 4
11128 4
11129 4
11130 16
11131 2
11132 6
11133 6
11134 4
11135 8
11136 4
11137 8
11138 2
11139 8
11140 4
11141 4
11142 6
11143 4
11144 4
11145 8
11146 2
11147 4
11148 4
11149 2
11150 6
11151 16
11152 4
11153 4
11154 12
11155 8
11156 2
11157 4
11158 4
11159 2
11160 12
11161 2
11162 2
11163 6
11164 2
11165 16
11166 4
11167 4
11168 2
11169 12
11170 4
11171 2
11172 12
11173 2
11174 4
11175 11
11176 4
11177 2
11178 12
11179 4
11180 8
11181 4
11182 2
11183 4
11184 4
11185 4
11186 8
11187 12
11188 2
11189 4
11190 8
11191 6
11192 2
11193 16
11194 4
11195 4
11196 6
11197 2
11198 4
11199 4
11200 6
11201 4
11202 4
11203 4
11204 2
11205 16
11206 4
11207 4
11208 4
11209 4
11210 8
11211 8
11212 2
11213 2
11214 12
11215 4
11216 2
11217 4
11218 4
11219 4
11220 16
11221 6
11222 4
11223 12
11224 4
11225 6
11226 4
11227 4
11228 4
11229 8
11230 4
11231 4
11232 8
11233 4
11234 4
11235 16
11236 3
11237 4
11238 4
11239 2
11240 4
11241 6
11242 8
11243 2
11244 4
11245 8
11246 2
11247 8
11248 4
11249 4
11250 15
11251 2
11252 4
11253 12
11254 4
11255 4
11256 8
11257 2
11258 4
11259 10
11260 4
11261 2
11262 4
11263 4
11264 2
11265 8
11266 4
11267 4
11268 6
11269 4
11270 12
11271 12
11272 2
11273 2
11274 4
11275 12
11276 2
11277 12
11278 2
11279 2
11280 8
11281 4
11282 2
11283 4
11284 8
11285 8
11286 16
11287 2
11288 4
11289 8
11290 4
11291 4
11292 4
11293 4
11294 2
11295 12
11296 2
11297 8
11298 8
11299 2
11300 6
11301 4
11302 2
11303 4
11304 6
11305 16
11306 2
11307 4
11308 4
11309 4
11310 16
11311 2
11312 4
11313 8
11314 2
11315 8
11316 8
11317 2
11318 2
11319 16
11320 4
11321 2
11322 12
11323 6
11324 4
11325 11
11326 4
11327 4
11328 4
11329 2
11330 8
11331 6
11332 2
11333 4
11334 4
11335 4
11336 4
11337 4
11338 2
11339 8
11340 20
11341 4
11342 4
11343 8
11344 2
11345 4
11346 8
11347 4
11348 2
11349 12
11350 6
11351 2
11352 8
11353 2
11354 4
11355 8
11356 4
11357 4
11358 6
11359 4
11360 4
11361 8
11362 8
11363 4
11364 4
11365 4
11366 2
11367 8
11368 6
11369 2
11370 8
11371 4
11372 2
11373 8
11374 6
11375 16
11376 6
11377 4
11378 2
11379 4
11380 4
11381 4
11382 8
11383 2
11384 2
11385 24
11386 2
11387 4
11388 8
11389 4
11390 8
11391 4
11392 2
11393 2
11394 8
11395 8
11396 8
11397 8
11398 4
11399 2
11400 12
11401 4
11402 2
11403 12
11404 2
11405 4
11406 4
11407 8
11408 4
11409 4
11410 8
11411 2
11412 6
11413 4
11414 4
11415 8
11416 2
11417 6
11418 8
11419 4
11420 4
11421 12
11422 2
11423 2
11424 8
11425 6
11426 4
11427 8
11428 2
11429 4
11430 12
11431 8
11432 2
11433 8
11434 2
11435 4
11436 4
11437 2
11438 8
11439 12
11440 8
11441 4
11442 4
11443 2
11444 2
11445 16
11446 4
11447 2
11448 8
11449 3
11450 6
11451 8
11452 4
11453 4
11454 8
11455 8
11456 2
11457 12
11458 4
11459 4
11460 8
11461 4
11462 4
11463 4
11464 2
11465 4
11466 18
11467 2
11468 4
11469 4
11470 8
11471 2
11472 4
11473 8
11474 2
11475 24
11476 3
11477 4
11478 4
11479 4
11480 8
11481 8
11482 2
11483 2
11484 12
11485 4
11486 2
11487 8
11488 2
11489 2
11490 8
11491 2
11492 6
11493 6
11494 4
11495 12
11496 4
11497 2
11498 2
11499 4
11500 8
11501 8
11502 10
11503 2
11504 2
11505 16
11506 4
11507 4
11508 8
11509 4
11510 4
11511 6
11512 2
11513 4
11514 8
11515 12
11516 2
11517 8
11518 4
11519 2
11520 6
11521 4
11522 4
11523 8
11524 4
11525 6
11526 8
11527 2
11528 4
11529 16
11530 4
11531 4
11532 6
11533 4
11534 4
11535 8
11536 4
11537 4
11538 6
11539 4
11540 4
11541 4
11542 4
11543 8
11544 8
11545 4
11546 4
11547 6
11548 2
11549 2
11550 24
11551 2
11552 3
11553 4
11554 4
11555 4
11556 8
11557 8
11558 2
11559 4
11560 6
11561 4
11562 8
11563 4
11564 6
11565 12
11566 2
11567 4
11568 4
11569 4
11570 8
11571 16
11572 4
11573 4
11574 6
11575 6
11576 2
11577 8
11578 4
11579 2
11580 8
11581 4
11582 2
11583 20
11584 2
11585 8
11586 4
11587 2
11588 2
11589 4
11590 8
11591 4
11592 12
11593 2
11594 8
11595 8
11596 4
11597 2
11598 4
11599 4
11600 6
11601 6
11602 2
11603 4
11604 4
11605 8
11606 4
11607 8
11608 2
11609 8
11610 16
11611 4
11612 2
11613 12
11614 2
11615 8
11616 6
11617 2
11618 4
11619 6
11620 8
11621 2
11622 8
11623 4
11624 2
11625 16
11626 2
11627 8
11628 11
11629 4
11630 4
11631 4
11632 2
11633 2
11634 8
11635 8
11636 2
11637 8
11638 6
11639 4
11640 8
11641 4
11642 2
11643 4
11644 4
11645 8
11646 6
11647 4
11648 4
11649 8
11650 6
11651 4
11652 4
11653 4
11654 2
11655 24
11656 4
11657 2
11658 8
11659 4
11660 8
11661 12
11662 8
11663 4
11664 7
11665 4
11666 4
11667 4
11668 2
11669 4
11670 8
11671 4
11672 2
11673 6
11674 4
11675 6
11676 8
11677 2
11678 2
11679 8
11680 4
11681 2
11682 12
11683 4
11684 4
11685 16
11686 2
11687 8
11688 4
11689 2
11690 8
11691 8
11692 4
11693 4
11694 4
11695 4
11696 4
11697 8
11698 2
11699 2
11700 18
11701 2
11702 2
11703 8
11704 8
11705 4
11706 4
11707 4
11708 2
11709 6
11710 4
11711 6
11712 4
11713 8
11714 2
11715 16
11716 4
11717 2
11718 16
11719 2
11720 4
11721 4
11722 2
11723 4
11724 4
11725 12
11726 8
11727 6
11728 2
11729 4
11730 16
11731 2
11732 4
11733 4
11734 2
11735 4
11736 6
11737 6
11738 2
11739 16
11740 4
11741 4
11742 8
11743 2
11744 2
11745 20
11746 4
11747 4
11748 8
11749 4
11750 8
11751 4
11752 4
11753 8
11754 6
11755 4
11756 2
11757 4
11758 2
11759 4
11760 12
11761 4
11762 2
11763 6
11764 4
11765 8
11766 8
11767 6
11768 2
11769 4
11770 8
11771 4
11772 8
11773 4
11774 6
11775 12
11776 2
11777 2
11778 8
11779 2
11780 8
11781 23
11782 4
11783 2
11784 4
11785 4
11786 4
11787 4
11788 4
11789 2
11790 12
11791 4
11792 4
11793 4
11794 2
11795 8
11796 4
11797 4
11798 4
11799 16
11800 6
11801 2
11802 8
11803 8
11804 4
11805 8
11806 2
11807 2
11808 6
11809 6
11810 4
11811 8
11812 2
11813 2
11814 8
11815 8
11816 4
11817 12
11818 4
11819 4
11820 8
11821 2
11822 4
11823 8
11824 2
11825 12
11826 10
11827 2
11828 2
11829 4
11830 12
11831 2
11832 8
11833 2
11834 4
11835 12
11836 4
11837 8
11838 4
11839 2
11840 4
11841 4
11842 4
11843 4
11844 12
11845 8
11846 2
11847 8
11848 2
11849 6
11850 12
11851 4
11852 2
11853 8
11854 2
11855 4
11856 8
11857 4
11858 9
11859 8
11860 4
11861 4
11862 6
11863 2
11864 2
11865 16
11866 4
11867 2
11868 8
11869 8
11870 4
11871 6
11872 4
11873 4
11874 4
11875 10
11876 2
11877 8
11878 2
11879 4
11880 16
11881 3
11882 4
11883 8
11884 2
11885 4
11886 8
11887 2
11888 2
11889 6
11890 8
11891 8
11892 4
11893 4
11894 4
11895 16
11896 2
11897 2
11898 6
11899 4
11900 12
11901 4
11902 4
11903 2
11904 4
11905 4
11906 2
11907 18
11908 4
11909 2
11910 8
11911 4
11912 2
11913 12
11914 8
11915 4
11916 6
11917 4
11918 4
11919 8
11920 4
11921 8
11922 4
11923 2
11924 4
11925 18
11926 4
11927 2
11928 8
11929 4
11930 4
11931 8
11932 4
11933 2
11934 16
11935 15
11936 2
11937 8
11938 4
11939 2
11940 8
11941 2
11942 4
11943 6
11944 2
11945 4
11946 8
11947 4
11948 4
11949 8
11950 6
11951 8
11952 6
11953 2
11954 4
11955 8
11956 6
11957 4
11958 4
11959 2
11960 8
11961 8
11962 2
11963 4
11964 4
11965 4
11966 4
11967 4
11968 4
11969 2
11970 24
11971 2
11972 4
11973 8
11974 2
11975 6
11976 4
11977 8
11978 4
11979 12
11980 4
11981 2
11982 4
11983 4
11984 4
11985 16
11986 4
11987 2
11988 10
11989 4
11990 8
11991 8
11992 2
11993 4
11994 4
11995 4
11996 2
11997 12
11998 4
11999 6
12000 8
12001 4
12002 4
12003 4
12004 2
12005 10
12006 12
12007 2
12008 4
12009 4
12010 4
12011 2
12012 16
12013 4
12014 2
12015 16
12016 2
12017 4
12018 4
12019 8
12020 4
12021 4
12022 2
12023 4
12024 6
12025 12
12026 4
12027 8
12028 4
12029 4
12030 8
12031 4
12032 2
12033 12
12034 4
12035 8
12036 8
12037 2
12038 4
12039 4
12040 8
12041 2
12042 8
12043 2
12044 2
12045 16
12046 4
12047 4
12048 4
12049 2
12050 6
12051 12
12052 4
12053 4
12054 12
12055 4
12056 4
12057 4
12058 2
12059 4
12060 12
12061 4
12062 4
12063 4
12064 4
12065 8
12066 4
12067 4
12068 4
12069 10
12070 8
12071 2
12072 4
12073 2
12074 2
12075 24
12076 2
12077 4
12078 12
12079 4
12080 4
12081 4
12082 4
12083 4
12084 8
12085 4
12086 2
12087 12
12088 2
12089 8
12090 15
12091 4
12092 2
12093 8
12094 2
12095 8
12096 8
12097 2
12098 4
12099 8
12100 9
12101 2
12102 4
12103 12
12104 4
12105 12
12106 2
12107 2
12108 4
12109 2
12110 8
12111 8
12112 2
12113 2
12114 6
12115 4
12116 4
12117 8
12118 4
12119 2
12120 8
12121 8
12122 8
12123 8
12124 4
12125 8
12126 8
12127 4
12128 2
12129 8
12130 4
12131 4
12132 6
12133 4
12134 2
12135 8
12136 4
12137 4
12138 12
12139 4
12140 4
12141 12
12142 4
12143 2
12144 8
12145 8
12146 2
12147 4
12148 2
12149 2
12150 18
12151 4
12152 6
12153 4
12154 4
12155 16
12156 4
12157 2
12158 2
12159 12
12160 4
12161 2
12162 4
12163 2
12164 2
12165 8
12166 8
12167 4
12168 9
12169 4
12170 4
12171 4
12172 4
12173 8
12174 4
12175 6
12176 2
12177 16
12178 2
12179 4
12180 16
12181 4
12182 2
12183 8
12184 2
12185 4
12186 6
12187 4
12188 4
12189 8
12190 8
12191 4
12192 4
12193 4
12194 8
12195 12
12196 2
12197 2
12198 8
12199 4
12200 6
12201 12
12202 2
12203 2
12204 8
12205 4
12206 4
12207 8
12208 4
12209 4
12210 16
12211 2
12212 4
12213 12
12214 4
12215 8
12216 4
12217 4
12218 4
12219 4
12220 8
12221 6
12222 12
12223 4
12224 2
12225 12
12226 2
12227 2
12228 4
12229 4
12230 4
12231 10
12232 4
12233 4
12234 4
12235 4
12236 8
12237 4
12238 4
12239 2
12240 12
12241 2
12242 2
12243 16
12244 2
12245 8
12246 7
12247 4
12248 2
12249 6
12250 12
12251 2
12252 4
12253 2
12254 4
12255 16
12256 2
12257 8
12258 8
12259 8
12260 4
12261 8
12262 2
12263 2
12264 8
12265 8
12266 2
12267 12
12268 2
12269 2
12270 8
12271 4
12272 4
12273 4
12274 6
12275 6
12276 12
12277 2
12278 4
12279 4
12280 4
12281 2
12282 8
12283 4
12284 4
12285 32
12286 2
12287 4
12288 2
12289 2
12290 4
12291 8
12292 4
12293 4
12294 6
12295 4
12296 4
12297 4
12298 8
12299 6
12300 12
12301 2
12302 2
12303 6
12304 2
12305 8
12306 8
12307 4
12308 4
12309 8
12310 4
12311 4
12312 10
12313 4
12314 4
12315 8
12316 2
12317 4
12318 4
12319 4
12320 8
12321 9
12322 4
12323 2
12324 8
12325 12
12326 2
12327 8
12328 4
12329 2
12330 12
12331 8
12332 2
12333 4
12334 4
12335 4
12336 4
12337 6
12338 4
12339 8
12340 4
12341 8
12342 12
12343 2
12344 2
12345 8
12346 2
12347 2
12348 12
12349 4
12350 12
12351 8
12352 2
12353 4
12354 8
12355 8
12356 2
12357 6
12358 4
12359 4
12360 8
12361 4
12362 4
12363 8
12364 4
12365 4
12366 8
12367 4
12368 2
12369 16
12370 4
12371 4
12372 4
12373 2
12374 4
12375 24
12376 8
12377 2
12378 4
12379 2
12380 4
12381 4
12382 4
12383 8
12384 6
12385 4
12386 4
12387 4
12388 4
12389 4
12390 16
12391 2
12392 2
12393 14
12394 2
12395 8
12396 4
12397 12
12398 2
12399 4
12400 6
12401 2
12402 12
12403 3
12404 4
12405 8
12406 2
12407 4
12408 8
12409 2
12410 8
12411 12
12412 4
12413 2
12414 4
12415 8
12416 2
12417 4
12418 4
12419 4
12420 16
12421 2
12422 2
12423 8
12424 2
12425 12
12426 8
12427 6
12428 4
12429 6
12430 8
12431 4
12432 8
12433 2
12434 2
12435 8
12436 2
12437 2
12438 6
12439 4
12440 4
12441 16
12442 2
12443 4
12444 8
12445 8
12446 6
12447 8
12448 2
12449 4
12450 12
12451 2
12452 4
12453 8
12454 4
12455 8
12456 6
12457 2
12458 2
12459 4
12460 8
12461 4
12462 8
12463 6
12464 4
12465 12
12466 4
12467 8
12468 4
12469 4
12470 8
12471 4
12472 2
12473 2
12474 20
12475 6
12476 2
12477 4
12478 4
12479 2
12480 8
12481 4
12482 3
12483 12
12484 2
12485 8
12486 4
12487 2
12488 4
12489 8
12490 4
12491 2
12492 6
12493 6
12494 2
12495 24
12496 4
12497 2
12498 4
12499 4
12500 6
12501 8
12502 8
12503 2
12504 4
12505 8
12506 6
12507 8
12508 4
12509 4
12510 12
12511 2
12512 4
12513 8
12514 2
12515 4
12516 8
12517 2
12518 4
12519 12
